5ff1e1eb0a720f0523000575;5ff1e1eacfcf6c399c274ae6;500;Receipt number 2 completed, bonus point schedule DEFAULT (5cefdcacf3693e0b50e83a36);2021-01-03 15:25:31;2021-01-03 15:25:31;2021-01-03 15:25:31;2021-01-03 15:25:36;2021-01-03 15:25:31;500.0;2021-01-03 00:00:00;5;FINISHED;26.00
5ff1e1bb0a720f052300056b;5ff1e194b6a9d73a3a9f1052;150;Receipt number 5 completed, bonus point schedule DEFAULT (5cefdcacf3693e0b50e83a36);2021-01-03 15:24:43;2021-01-03 15:24:43;2021-01-03 15:24:43;2021-01-03 15:24:48;2021-01-03 15:24:43;150.0;2021-01-02 15:24:43;2;FINISHED;11.00
5ff1e1f10a720f052300057a;5ff1e1f1cfcf6c399c274b0b;5;All-receipts receipt bonus;2021-01-03 15:25:37;2021-01-03 15:25:37;;2021-01-03 15:25:42;;5;2021-01-03 00:00:00;1;REJECTED;10.00
5ff1e1ee0a7214ada100056f;5ff1e1eacfcf6c399c274ae6;5;All-receipts receipt bonus;2021-01-03 15:25:34;2021-01-03 15:25:34;2021-01-03 15:25:34;2021-01-03 15:25:39;2021-01-03 15:25:34;5.0;2021-01-03 00:00:00;4;FINISHED;28.00
5ff1e1d20a7214ada1000561;5ff1e194b6a9d73a3a9f1052;5;All-receipts receipt bonus;2021-01-03 15:25:06;2021-01-03 15:25:06;2021-01-03 15:25:11;2021-01-03 15:25:11;2021-01-03 15:25:06;5.0;2021-01-02 15:25:06;2;FINISHED;1.00
5ff1e1e40a7214ada1000566;5ff1e1e4cfcf6c399c274ac3;750;Receipt number 1 completed, bonus point schedule DEFAULT (5cefdcacf3693e0b50e83a36);2021-01-03 15:25:24;2021-01-03 15:25:24;2021-01-03 15:25:25;2021-01-03 15:25:30;2021-01-03 15:25:25;750.0;2021-01-02 15:25:24;1;FINISHED;3.25
5ff1e1cd0a720f052300056f;5ff1e194b6a9d73a3a9f1052;5;All-receipts receipt bonus;2021-01-03 15:25:01;2021-01-03 15:25:01;2021-01-03 15:25:02;2021-01-03 15:25:02;2021-01-03 15:25:02;5.0;2021-01-03 15:25:01;1;FINISHED;2.23
5ff1e1a40a720f0523000569;5ff1e194b6a9d73a3a9f1052;500;Receipt number 2 completed, bonus point schedule DEFAULT (5cefdcacf3693e0b50e83a36);2021-01-03 15:24:20;2021-01-03 15:24:20;2021-01-03 15:24:21;2021-01-03 15:24:21;2021-01-03 15:24:21;500.0;2020-12-27 00:00:00;1;FINISHED;10.00
5ff1e1ed0a7214ada100056e;5ff1e1eacfcf6c399c274ae6;5;All-receipts receipt bonus;2021-01-03 15:25:33;2021-01-03 15:25:33;2021-01-03 15:25:34;2021-01-03 15:25:38;2021-01-03 15:25:34;5.0;2021-01-03 00:00:00;5;FINISHED;20.00
5ff1e1eb0a7214ada100056b;5ff1e1eacfcf6c399c274ae6;250;Receipt number 3 completed, bonus point schedule DEFAULT (5cefdcacf3693e0b50e83a36);2021-01-03 15:25:31;2021-01-03 15:25:31;2021-01-03 15:25:31;2021-01-03 15:25:36;2021-01-03 15:25:31;250.0;2021-01-03 00:00:00;3;FINISHED;20.00
5ff1e1c50a720f052300056c;5ff1e194b6a9d73a3a9f1052;100;Receipt number 6 completed, bonus point schedule DEFAULT (5cefdcacf3693e0b50e83a36);2021-01-03 15:24:53;2021-01-03 15:24:53;2021-01-03 15:24:53;2021-01-03 15:24:53;2021-01-03 15:24:53;100.0;2021-01-02 15:24:53;1;FINISHED;1.00
5ff1e1a10a720f0523000568;5ff1e194b6a9d73a3a9f1052;750;Receipt number 1 completed, bonus point schedule DEFAULT (5cefdcacf3693e0b50e83a36);2021-01-03 15:24:17;2021-01-03 15:24:17;2021-01-03 15:39:20;2021-01-03 15:39:20;2021-01-03 15:24:19;750.0;2021-01-02 00:00:00;5;FINISHED;50.00
5ff1e1b60a7214ada100055c;5ff1e194b6a9d73a3a9f1052;150;Receipt number 5 completed, bonus point schedule DEFAULT (5cefdcacf3693e0b50e83a36);2021-01-03 15:24:38;2021-01-03 15:24:38;;2021-01-03 15:24:38;;8850.0;2021-02-03 15:24:38;10;FLAGGED;290.00
5f9c74f70a7214ad07000037;5f9c74f7c88c1415cbddb839;750;Receipt number 1 completed, bonus point schedule DEFAULT (5cefdcacf3693e0b50e83a36);2020-10-30 20:17:59;2020-10-30 20:17:59;;2021-01-03 15:24:54;2020-10-30 20:18:00;750.0;2020-10-29 20:17:59;11;REJECTED;1.00
5ff1e1b20a7214ada100055a;5ff1e194b6a9d73a3a9f1052;300;Receipt number 4 completed, bonus point schedule DEFAULT (5cefdcacf3693e0b50e83a36);2021-01-03 15:24:34;2021-01-03 15:24:34;2021-01-03 15:24:35;2021-01-03 15:24:35;2021-01-03 15:24:35;300.0;2021-02-03 15:24:35;1;FINISHED;1.00
5ff1e1e90a7214ada1000569;5ff1e1e9b6a9d73a3a9f10f6;;;2021-01-03 15:25:29;2021-01-03 15:25:29;;2021-01-03 15:25:29;;;;0;FLAGGED;0.00
5ff1e1df0a7214ada1000564;5ff1e1dfcfcf6c399c274ab3;750;Receipt number 1 completed, bonus point schedule DEFAULT (5cefdcacf3693e0b50e83a36);2021-01-03 15:25:19;2021-01-03 15:25:19;2021-01-03 15:25:20;2021-01-03 15:25:25;2021-01-03 15:25:19;750.0;2021-01-02 15:25:19;2;FINISHED;11.00
5ff1e1b40a7214ada100055b;5ff1e1b4cfcf6c399c274a54;750;Receipt number 1 completed, bonus point schedule DEFAULT (5cefdcacf3693e0b50e83a36);2021-01-03 15:24:36;2021-01-03 15:24:36;;2021-01-03 15:24:37;2021-01-03 15:24:36;750.0;2021-01-02 15:24:36;1;FLAGGED;1.00
5ff1e1eb0a720f0523000576;5ff1e1eacfcf6c399c274ae6;300;Receipt number 4 completed, bonus point schedule DEFAULT (5cefdcacf3693e0b50e83a36);2021-01-03 15:25:31;2021-01-03 15:25:31;2021-01-03 15:25:32;2021-01-03 15:25:36;2021-01-03 15:25:32;300.0;2021-01-03 00:00:00;2;FINISHED;26.00
5ff1e1c80a720f052300056d;5ff1e194b6a9d73a3a9f1052;5;All-receipts receipt bonus;2021-01-03 15:24:56;2021-01-03 15:24:56;2021-01-03 15:25:02;2021-01-03 15:25:02;2021-01-03 15:24:56;5.0;2021-01-02 15:24:56;2;FINISHED;1.00
5f9c74f90a7214ad07000038;5f9c74e3f1937815bd2c1d73;300;Receipt number 4 completed, bonus point schedule DEFAULT (5cefdcacf3693e0b50e83a36);2020-10-30 20:18:01;2020-10-30 20:18:01;2021-01-03 15:39:55;2021-01-03 15:39:55;2021-01-03 15:39:55;389.2;2020-10-29 20:18:01;6;FINISHED;14.00
5ff1e1960a720f0523000567;5ff1e196cfcf6c399c274a38;750;Receipt number 1 completed, bonus point schedule DEFAULT (5cefdcacf3693e0b50e83a36);2021-01-03 15:24:06;2021-01-03 15:24:06;2021-01-03 15:24:10;2021-01-03 15:24:10;2021-01-03 15:24:10;750.0;2021-01-02 15:24:06;1;FINISHED;1.00
5ff1e1ec0a7214ada100056c;5ff1e1eacfcf6c399c274ae6;150;Receipt number 5 completed, bonus point schedule DEFAULT (5cefdcacf3693e0b50e83a36);2021-01-03 15:25:32;2021-01-03 15:25:32;2021-01-03 15:25:32;2021-01-03 15:25:37;2021-01-03 15:25:32;150.0;2021-01-03 00:00:00;2;FINISHED;21.00
5ff1e1d70a720f0523000571;5ff1e194b6a9d73a3a9f1052;40;COMPLETE_PARTNER_RECEIPT;2021-01-03 15:25:11;2021-01-03 15:25:11;2021-01-03 15:25:12;2021-01-03 15:25:12;2021-01-03 15:25:12;185.0;2021-01-02 15:25:11;2;FINISHED;2.00
5ff1e1c60a7214ada100055e;5ff1e194b6a9d73a3a9f1052;5;All-receipts receipt bonus;2021-01-03 15:24:54;2021-01-03 15:24:54;2021-01-03 15:24:59;2021-01-03 15:24:59;2021-01-03 15:24:54;5.0;2021-01-02 15:24:54;2;FINISHED;1.00
5ff1e1ee0a7214ada1000570;5ff1e1eacfcf6c399c274ae6;5;All-receipts receipt bonus;2021-01-03 15:25:34;2021-01-03 15:25:34;2021-01-03 15:25:35;2021-01-03 15:25:40;2021-01-03 15:25:35;5.0;2021-01-03 00:00:00;5;FINISHED;27.00
5ff1e1cf0a720f0523000570;5ff1e194b6a9d73a3a9f1052;5;All-receipts receipt bonus;2021-01-03 15:25:03;2021-01-03 15:25:03;2021-01-03 15:25:09;2021-01-03 15:25:09;2021-01-03 15:25:03;5.0;2021-01-02 15:25:03;2;FINISHED;1.00
5ff1e1e10a720f0523000572;5ff1e194b6a9d73a3a9f1052;25;COMPLETE_NONPARTNER_RECEIPT;2021-01-03 15:25:21;2021-01-03 15:25:21;2021-01-03 15:25:21;2021-01-03 15:25:26;2021-01-03 15:25:21;35.0;2021-01-02 15:25:21;1;FINISHED;1.00
5ff1e1d40a7214ada1000562;5ff1e194b6a9d73a3a9f1052;;;2021-01-03 15:25:08;2021-01-03 15:25:08;;2021-01-03 15:25:08;;;2017-10-30 00:00:00;3;REJECTED;3.00
5ff1e1ee0a720f0523000578;5ff1e1eacfcf6c399c274ae6;5;All-receipts receipt bonus;2021-01-03 15:25:34;2021-01-03 15:25:34;2021-01-03 15:25:34;2021-01-03 15:25:39;2021-01-03 15:25:34;5.0;2021-01-03 00:00:00;4;FINISHED;27.00
5ff371030a7214ada10005a5;5ff370c562fde912123a5e0e;300;Receipt number 4 completed, bonus point schedule DEFAULT (5cefdcacf3693e0b50e83a36);2021-01-04 19:48:19;2021-01-04 19:48:19;2021-01-04 19:48:20;2021-01-04 19:48:20;2021-01-04 19:48:20;650.0;2020-12-20 00:00:00;10;FINISHED;10.00
5ff36dcc0a720f05230005b1;5ff36d0362fde912123a5535;5;All-receipts receipt bonus;2021-01-04 19:34:36;2021-01-04 19:34:36;2021-01-04 19:34:36;2021-01-04 19:34:36;2021-01-04 19:34:36;55.0;2021-01-04 19:34:36;1;FINISHED;0.99
5ff36c750a7214ada100058f;5ff36be7135e7011bcb856d3;;;2021-01-04 19:28:53;2021-01-04 19:28:53;2021-01-04 19:28:54;2021-01-04 19:28:54;2021-01-04 19:28:54;500.0;2021-01-03 19:28:53;9;FINISHED;89.91
5ff36d860a720f05230005a7;54943462e4b07e684157a532;45;COMPLETE_PARTNER_RECEIPT;2021-01-04 19:33:26;2021-01-04 19:33:26;2021-01-04 19:33:26;2021-01-04 19:33:26;2021-01-04 19:33:26;50.0;2021-01-03 19:33:26;1;FINISHED;1.00
5ff36d9f0a720f05230005ab;5ff36d0362fde912123a5535;45;COMPLETE_PARTNER_RECEIPT;2021-01-04 19:33:51;2021-01-04 19:33:51;2021-01-04 19:33:51;2021-01-04 19:33:51;2021-01-04 19:33:51;50.0;2020-12-19 19:33:51;1;FINISHED;1.00
5ff36adb0a720f0523000590;5ff36a3862fde912123a4460;;;2021-01-04 19:22:03;2021-01-04 19:22:03;2021-01-04 19:22:04;2021-01-04 19:22:04;2021-01-04 19:22:04;250.0;2020-12-30 06:00:00;5;FINISHED;49.95
5ff36da00a7214ada100059b;5ff36d0362fde912123a5535;5;All-receipts receipt bonus;2021-01-04 19:33:52;2021-01-04 19:33:52;2021-01-04 19:33:52;2021-01-04 19:33:52;2021-01-04 19:33:52;5.0;2021-01-03 19:33:52;1;FINISHED;1.00
5ff36dc40a7214ada100059f;5ff36d0362fde912123a5535;5;All-receipts receipt bonus;2021-01-04 19:34:28;2021-01-04 19:34:28;2021-01-04 19:34:28;2021-01-04 19:34:28;2021-01-04 19:34:28;355.0;2021-01-03 19:34:28;9;FINISHED;89.91
5ff3710b0a7214ada10005a7;5ff370c562fde912123a5e0e;100;Receipt number 6 completed, bonus point schedule DEFAULT (5cefdcacf3693e0b50e83a36);2021-01-04 19:48:27;2021-01-04 19:48:27;2021-01-04 19:48:28;2021-01-04 19:48:28;2021-01-04 19:48:28;600.0;2021-01-03 19:48:27;9;FINISHED;89.91
5ff36d780a7214ada1000593;5ff36d78135e7011bcb86488;750;Receipt number 1 completed, bonus point schedule DEFAULT (5cefdcacf3693e0b50e83a36);2021-01-04 19:33:12;2021-01-04 19:33:12;2021-01-04 19:33:14;2021-01-04 19:33:14;2021-01-04 19:33:14;1750.0;2021-01-04 19:33:12;1;FINISHED;10.00
5ff371410a7214ada10005ba;5ff370c562fde912123a5e0e;45;COMPLETE_PARTNER_RECEIPT;2021-01-04 19:49:21;2021-01-04 19:49:21;2021-01-04 19:49:21;2021-01-04 19:49:21;2021-01-04 19:49:21;350.0;2021-01-03 19:49:21;1;FINISHED;1.00
5ff36c8b0a720f05230005a1;54943462e4b07e684157a532;5;All-receipts receipt bonus;2021-01-04 19:29:15;2021-01-04 19:29:15;2021-01-04 19:29:17;2021-01-04 19:29:17;2021-01-04 19:29:17;5.0;2021-01-03 19:29:15;1;FINISHED;1.00
5ff36c550a7214ada1000588;5ff36be7135e7011bcb856d3;750;Receipt number 1 completed, bonus point schedule DEFAULT (5cefdcacf3693e0b50e83a36);2021-01-04 19:28:21;2021-01-04 19:28:21;2021-01-04 19:28:21;2021-01-04 19:28:21;2021-01-04 19:28:21;750.0;2021-01-01 06:00:00;5;FINISHED;25.00
5ff36acb0a720f052300058d;5ff36a3862fde912123a4460;5;All-receipts receipt bonus;2021-01-04 19:21:47;2021-01-04 19:21:47;2021-01-04 19:21:48;2021-01-04 19:21:48;2021-01-04 19:21:48;55.0;2021-01-03 19:21:47;9;FINISHED;89.91
5ff371450a7214ada10005bd;5ff370c562fde912123a5e0e;5;All-receipts receipt bonus;2021-01-04 19:49:25;2021-01-04 19:49:25;2021-01-04 19:49:26;2021-01-04 19:49:26;2021-01-04 19:49:26;5.0;2020-12-24 06:00:00;5;FINISHED;49.95
5ff36d9d0a720f05230005aa;5ff36d0362fde912123a5535;100;Receipt number 6 completed, bonus point schedule DEFAULT (5cefdcacf3693e0b50e83a36);2021-01-04 19:33:49;2021-01-04 19:33:49;2021-01-04 19:33:49;2021-01-04 19:33:49;2021-01-04 19:33:49;225.0;2021-01-01 06:00:00;5;FINISHED;25.00
5ff36c590a7214ada1000589;5ff36be7135e7011bcb856d3;150;Receipt number 5 completed, bonus point schedule DEFAULT (5cefdcacf3693e0b50e83a36);2021-01-04 19:28:25;2021-01-04 19:28:25;2021-01-04 19:28:25;2021-01-04 19:28:25;2021-01-04 19:28:25;275.0;2020-12-30 06:00:00;5;FINISHED;25.00
5ff29be20a7214ada1000571;5964eb07e4b03efd0c0f267b;25;COMPLETE_NONPARTNER_RECEIPT;2021-01-04 04:38:58;2021-01-04 04:38:58;2021-01-04 04:39:06;2021-01-04 04:39:09;2021-01-04 04:39:06;25.0;2021-01-03 00:00:00;1;FINISHED;1.00
5ff3416f0a7214ada1000576;5c3388caea88e15513a95069;25;COMPLETE_NONPARTNER_RECEIPT;2021-01-04 16:25:19;2021-01-04 16:25:19;2021-01-04 16:25:19;2021-01-04 16:25:19;2021-01-04 16:25:19;25.0;2021-01-04 00:00:00;1;FINISHED;28.57
5ff36c6d0a720f0523000597;5ff36be7135e7011bcb856d3;5;All-receipts receipt bonus;2021-01-04 19:28:45;2021-01-04 19:28:45;2021-01-04 19:28:45;2021-01-04 19:28:45;2021-01-04 19:28:45;5.0;2021-01-03 19:28:45;4;FINISHED;18.20
5ff36a830a7214ada100057b;5ff36a3862fde912123a4460;100;Receipt number 6 completed, bonus point schedule DEFAULT (5cefdcacf3693e0b50e83a36);2021-01-04 19:20:35;2021-01-04 19:20:35;2021-01-04 19:20:36;2021-01-04 19:20:36;2021-01-04 19:20:36;100.0;2020-12-19 19:20:35;1;FINISHED;1.00
5ff36c570a720f0523000593;5ff36be7135e7011bcb856d3;250;Receipt number 3 completed, bonus point schedule DEFAULT (5cefdcacf3693e0b50e83a36);2021-01-04 19:28:23;2021-01-04 19:28:23;2021-01-04 19:28:23;2021-01-04 19:28:23;2021-01-04 19:28:23;250.0;2021-01-03 19:28:23;1;FINISHED;10.00
5ff3713c0a7214ada10005b6;5ff370c562fde912123a5e0e;;;2021-01-04 19:49:16;2021-01-04 19:49:16;2021-01-04 19:49:16;2021-01-04 19:49:16;2021-01-04 19:49:16;350.0;2021-01-03 19:49:16;1;FINISHED;10.00
5ff371130a7214ada10005aa;5ff370c562fde912123a5e0e;45;COMPLETE_PARTNER_RECEIPT;2021-01-04 19:48:35;2021-01-04 19:48:35;2021-01-04 19:48:36;2021-01-04 19:48:36;2021-01-04 19:48:36;100.0;2021-01-04 19:48:35;1;FINISHED;0.99
5ff370f00a7214ada10005a3;5ff370c562fde912123a5e0e;500;Receipt number 2 completed, bonus point schedule DEFAULT (5cefdcacf3693e0b50e83a36);2021-01-04 19:48:00;2021-01-04 19:48:00;2021-01-04 19:48:01;2021-01-04 19:48:01;2021-01-04 19:48:01;500.0;2020-12-21 00:00:00;5;FINISHED;49.95
5ff371240a7214ada10005b3;5ff37124135e7011bcb86bc3;750;Receipt number 1 completed, bonus point schedule DEFAULT (5cefdcacf3693e0b50e83a36);2021-01-04 19:48:52;2021-01-04 19:48:52;2021-01-04 19:48:52;2021-01-04 19:48:52;2021-01-04 19:48:52;755.0;2021-01-03 19:48:52;1;FINISHED;1.00
5ff36c8d0a7214ada1000591;54943462e4b07e684157a532;5;All-receipts receipt bonus;2021-01-04 19:29:17;2021-01-04 19:29:17;2021-01-04 19:29:17;2021-01-04 19:29:17;2021-01-04 19:29:17;5.0;2021-01-03 19:29:17;1;FINISHED;1.00
5ff36ad40a7214ada1000585;5ff36a3862fde912123a4460;5;All-receipts receipt bonus;2021-01-04 19:21:56;2021-01-04 19:21:56;2021-01-04 19:21:56;2021-01-04 19:21:56;2021-01-04 19:21:56;55.0;2021-01-04 19:21:56;1;FINISHED;0.99
5ff36dcb0a7214ada10005a0;5ff36d0362fde912123a5535;5;All-receipts receipt bonus;2021-01-04 19:34:35;2021-01-04 19:34:35;2021-01-04 19:34:36;2021-01-04 19:34:36;2021-01-04 19:34:36;5.0;2021-01-03 19:34:35;1;FINISHED;9.99
5ff3416d0a7214ada1000575;5c3388caea88e15513a95069;25;COMPLETE_NONPARTNER_RECEIPT;2021-01-04 16:25:17;2021-01-04 16:25:17;2021-01-04 16:25:17;2021-01-04 16:25:17;2021-01-04 16:25:17;25.0;2021-01-04 00:00:00;1;FINISHED;28.57
5ff4ce430a7214ada10005d8;5ff4ce3dc3d63511e2a484dc;5;All-receipts receipt bonus;2021-01-05 20:38:27;2021-01-05 20:38:27;2021-01-05 20:38:28;2021-01-05 20:38:33;2021-01-05 20:38:28;5.0;2021-01-05 00:00:00;4;FINISHED;25.00
5ff4ce400a7214ada10005d5;5ff4ce3dc3d63511e2a484dc;150;Receipt number 5 completed, bonus point schedule DEFAULT (5cefdcacf3693e0b50e83a36);2021-01-05 20:38:24;2021-01-05 20:38:24;2021-01-05 20:38:24;2021-01-05 20:38:29;2021-01-05 20:38:24;150.0;2021-01-05 00:00:00;5;FINISHED;27.00
5ff4a4ca0a7214ada10005d0;5fbc35711d967d1222cbfefc;750;Receipt number 1 completed, bonus point schedule DEFAULT (5cefdcacf3693e0b50e83a36);2021-01-05 17:41:30;2021-01-05 17:41:30;;2021-01-05 17:41:32;;750.0;2020-09-13 00:00:00;2;REJECTED;34.96
5ff473de0a720f05230005bd;54943462e4b07e684157a532;5;All-receipts receipt bonus;2021-01-05 14:12:46;2021-01-05 14:12:46;2021-01-05 14:12:47;2021-01-05 14:12:47;2021-01-05 14:12:47;5.0;2020-12-23 14:12:46;1;FINISHED;1.00
5ff4ce8c0a7214ada10005e6;5ff4ce33c3d63511e2a484b6;25;COMPLETE_NONPARTNER_RECEIPT;2021-01-05 20:39:40;2021-01-05 20:39:40;2021-01-05 20:39:41;2021-01-05 20:39:46;2021-01-05 20:39:41;35.0;2021-01-04 20:39:40;1;FINISHED;1.00
5ff4ce3d0a7214ada10005d3;5ff4ce3dc3d63511e2a484dc;750;Receipt number 1 completed, bonus point schedule DEFAULT (5cefdcacf3693e0b50e83a36);2021-01-05 20:38:21;2021-01-05 20:38:21;2021-01-05 20:38:22;2021-01-05 20:38:27;2021-01-05 20:38:22;750.0;2021-01-05 00:00:00;2;FINISHED;29.00
5ff473b40a7214ada10005c5;5ff47392c3d63511e2a47881;45;COMPLETE_PARTNER_RECEIPT;2021-01-05 14:12:04;2021-01-05 14:12:04;2021-01-05 14:12:04;2021-01-05 14:12:04;2021-01-05 14:12:04;50.0;2021-01-04 14:12:04;1;FINISHED;1.00
5ff473f30a720f05230005c0;5ff473f3c1e2d0121a9b2707;750;Receipt number 1 completed, bonus point schedule DEFAULT (5cefdcacf3693e0b50e83a36);2021-01-05 14:13:07;2021-01-05 14:13:07;2021-01-05 14:13:08;2021-01-05 14:13:08;2021-01-05 14:13:08;1800.0;2021-01-05 14:13:07;1;FINISHED;10.00
5ff4ce3a0a7214ada10005d2;5ff4ce3ac1e2d0121a9b2fb3;750;Receipt number 1 completed, bonus point schedule DEFAULT (5cefdcacf3693e0b50e83a36);2021-01-05 20:38:18;2021-01-05 20:38:18;2021-01-05 20:38:19;2021-01-05 20:38:23;2021-01-05 20:38:19;750.0;2021-01-05 00:00:00;2;FINISHED;21.00
5ff473a90a7214ada10005c2;5ff47392c3d63511e2a47881;150;Receipt number 5 completed, bonus point schedule DEFAULT (5cefdcacf3693e0b50e83a36);2021-01-05 14:11:53;2021-01-05 14:11:53;2021-01-05 14:11:54;2021-01-05 14:11:54;2021-01-05 14:11:54;275.0;2020-12-31 06:00:00;5;FINISHED;25.00
5ff473b10a7214ada10005c4;5ff47392c3d63511e2a47881;;;2021-01-05 14:12:01;2021-01-05 14:12:01;2021-01-05 14:12:01;2021-01-05 14:12:01;2021-01-05 14:12:01;250.0;2021-01-02 06:00:00;5;FINISHED;49.95
5ff475820a7214ada10005cf;5a43c08fe4b014fd6b6a0612;;;2021-01-05 14:19:46;2021-01-05 14:19:46;;2021-01-05 14:19:46;;;;;SUBMITTED;
5ff4ce550a7214ada10005db;5ff4ce33c3d63511e2a484b6;300;Receipt number 4 completed, bonus point schedule DEFAULT (5cefdcacf3693e0b50e83a36);2021-01-05 20:38:45;2021-01-05 20:38:45;2021-01-05 20:38:51;2021-01-05 20:38:51;2021-01-05 20:38:46;300.0;2021-01-04 20:38:45;2;FINISHED;1.00
5ff4ce430a720f05230005c9;5ff4ce3dc3d63511e2a484dc;5;All-receipts receipt bonus;2021-01-05 20:38:27;2021-01-05 20:38:27;2021-01-05 20:38:27;2021-01-05 20:38:32;2021-01-05 20:38:27;5.0;2021-01-05 00:00:00;1;FINISHED;29.00
5ff473d40a7214ada10005c9;5ff47392c3d63511e2a47881;5;All-receipts receipt bonus;2021-01-05 14:12:36;2021-01-05 14:12:36;2021-01-05 14:12:37;2021-01-05 14:12:37;2021-01-05 14:12:37;5.0;2021-01-05 14:12:36;1;FINISHED;9.99
5ff4ce690a7214ada10005e2;5ff4ce68c1e2d0121a9b3022;750;Receipt number 1 completed, bonus point schedule DEFAULT (5cefdcacf3693e0b50e83a36);2021-01-05 20:39:05;2021-01-05 20:39:05;;2021-01-05 20:39:07;2021-01-05 20:39:06;810.0;2021-01-04 20:39:04;5;FLAGGED;13.00
5ff473f60a7214ada10005ce;5ff47392c3d63511e2a47881;;;2021-01-05 14:13:10;2021-01-05 14:13:10;2021-01-05 14:13:11;2021-01-05 14:13:11;2021-01-05 14:13:11;250.0;2020-12-31 06:00:00;5;FINISHED;49.95
5ff473cf0a7214ada10005c8;5ff47392c3d63511e2a47881;5;All-receipts receipt bonus;2021-01-05 14:12:31;2021-01-05 14:12:31;2021-01-05 14:12:32;2021-01-05 14:12:32;2021-01-05 14:12:32;305.0;2021-01-04 14:12:31;1;FINISHED;9.99
5fa5ad370a720f05ef000089;5fa5ad376a26f611e71ab5ef;750;Receipt number 1 completed, bonus point schedule DEFAULT (5cefdcacf3693e0b50e83a36);2020-11-06 20:08:23;2020-11-06 20:08:23;2021-01-05 20:53:40;2021-01-05 20:53:40;2021-01-05 20:53:40;9449.8;2020-11-05 20:08:23;11;FINISHED;291.00
5ff4ce650a7214ada10005e1;5ff4ce65c3d63511e2a4853b;750;Receipt number 1 completed, bonus point schedule DEFAULT (5cefdcacf3693e0b50e83a36);2021-01-05 20:39:01;2021-01-05 20:39:01;;2021-01-05 20:39:02;2021-01-05 20:39:02;750.0;2021-01-04 20:39:01;1;FLAGGED;1.00
5ff473e40a7214ada10005cc;54943462e4b07e684157a532;45;COMPLETE_PARTNER_RECEIPT;2021-01-05 14:12:52;2021-01-05 14:12:52;2021-01-05 14:12:53;2021-01-05 14:12:53;2021-01-05 14:12:53;50.0;2021-01-04 14:12:52;1;FINISHED;1.00
5ff4ce3c0a720f05230005c4;5ff4ce3cc1e2d0121a9b2fba;;;2021-01-05 20:38:20;2021-01-05 20:38:20;;2021-01-05 20:38:20;;;;0;FLAGGED;0.00
5ff473d00a720f05230005bb;5ff47392c3d63511e2a47881;5;All-receipts receipt bonus;2021-01-05 14:12:32;2021-01-05 14:12:32;2021-01-05 14:12:32;2021-01-05 14:12:32;2021-01-05 14:12:32;55.0;2021-01-05 14:12:32;1;FINISHED;0.99
5ff473b20a720f05230005b7;5ff47392c3d63511e2a47881;5;All-receipts receipt bonus;2021-01-05 14:12:02;2021-01-05 14:12:02;2021-01-05 14:12:03;2021-01-05 14:12:03;2021-01-05 14:12:03;5.0;2020-12-25 06:00:00;5;FINISHED;49.95
5ff473ad0a7214ada10005c3;5ff47392c3d63511e2a47881;45;COMPLETE_PARTNER_RECEIPT;2021-01-05 14:11:57;2021-01-05 14:11:57;2021-01-05 14:11:57;2021-01-05 14:11:57;2021-01-05 14:11:57;50.0;2021-01-04 14:11:57;1;FINISHED;1.00
5ff4ce640a7214ada10005e0;5ff4ce33c3d63511e2a484b6;25;COMPLETE_NONPARTNER_RECEIPT;2021-01-05 20:39:00;2021-01-05 20:39:00;2021-01-05 20:39:00;2021-01-05 20:39:00;2021-01-05 20:39:00;25.0;2021-02-05 20:39:00;1;FINISHED;1.00
5ff4ce3f0a720f05230005c6;5ff4ce3dc3d63511e2a484dc;300;Receipt number 4 completed, bonus point schedule DEFAULT (5cefdcacf3693e0b50e83a36);2021-01-05 20:38:23;2021-01-05 20:38:23;2021-01-05 20:38:24;2021-01-05 20:38:28;2021-01-05 20:38:24;300.0;2021-01-05 00:00:00;2;FINISHED;29.00
5ff4ce4e0a7214ada10005da;5ff4ce33c3d63511e2a484b6;500;Receipt number 2 completed, bonus point schedule DEFAULT (5cefdcacf3693e0b50e83a36);2021-01-05 20:38:38;2021-01-05 20:38:38;2021-01-05 20:38:44;2021-01-05 20:38:44;2021-01-05 20:38:38;500.0;2021-01-04 20:38:38;2;FINISHED;1.00
5ff473bc0a720f05230005b8;5ff47392c3d63511e2a47881;;;2021-01-05 14:12:12;2021-01-05 14:12:12;2021-01-05 14:12:13;2021-01-05 14:12:13;2021-01-05 14:12:13;91.2;2021-01-04 14:12:12;4;FINISHED;18.20
5ff4a80e0a720f05230005c2;5fbc35711d967d1222cbfefc;750;Receipt number 1 completed, bonus point schedule DEFAULT (5cefdcacf3693e0b50e83a36);2021-01-05 17:55:26;2021-01-05 17:55:26;2021-01-05 17:55:29;2021-01-05 17:55:29;2021-01-05 17:55:29;750.0;2020-12-30 00:00:00;2;FINISHED;34.96
5ff5d1da0a7214ada10005f8;5ff5d15aeb7c7d12096d91a2;5;All-receipts receipt bonus;2021-01-06 15:06:02;2021-01-06 15:06:02;2021-01-06 15:06:03;2021-01-06 15:06:03;2021-01-06 15:06:03;5.0;2020-12-21 15:06:02;1;FINISHED;1.00
5ff5d1d40a7214ada10005f4;5ff5d15aeb7c7d12096d91a2;300;Receipt number 4 completed, bonus point schedule DEFAULT (5cefdcacf3693e0b50e83a36);2021-01-06 15:05:56;2021-01-06 15:05:56;2021-01-06 15:05:57;2021-01-06 15:05:57;2021-01-06 15:05:57;825.0;2021-01-06 15:05:56;5;FINISHED;25.00
5ff5d1a00a7214ada10005ed;54943462e4b07e684157a532;45;COMPLETE_PARTNER_RECEIPT;2021-01-06 15:05:04;2021-01-06 15:05:04;2021-01-06 15:05:05;2021-01-06 15:05:05;2021-01-06 15:05:05;50.0;2021-01-05 15:05:04;1;FINISHED;1.00
5ff5ecb90a7214ada10005f9;5a43c08fe4b014fd6b6a0612;;;2021-01-06 17:00:40;2021-01-06 17:00:40;;2021-01-06 17:00:40;;;;;SUBMITTED;
5ff5d1e20a720f05230005da;5ff5d15aeb7c7d12096d91a2;45;COMPLETE_PARTNER_RECEIPT;2021-01-06 15:06:10;2021-01-06 15:06:10;2021-01-06 15:06:11;2021-01-06 15:06:11;2021-01-06 15:06:11;50.0;2021-01-05 15:06:10;1;FINISHED;1.00
5ff5d1e10a720f05230005d9;5ff5d15aeb7c7d12096d91a2;5;All-receipts receipt bonus;2021-01-06 15:06:09;2021-01-06 15:06:09;2021-01-06 15:06:09;2021-01-06 15:06:09;2021-01-06 15:06:09;5.0;2020-12-26 06:00:00;5;FINISHED;49.95
5ff5d1fd0a720f05230005de;5ff5d15aeb7c7d12096d91a2;5;All-receipts receipt bonus;2021-01-06 15:06:37;2021-01-06 15:06:37;2021-01-06 15:06:38;2021-01-06 15:06:38;2021-01-06 15:06:38;55.0;2021-01-05 15:06:37;9;FINISHED;89.91
5ff5d1d80a7214ada10005f6;5ff5d15aeb7c7d12096d91a2;100;Receipt number 6 completed, bonus point schedule DEFAULT (5cefdcacf3693e0b50e83a36);2021-01-06 15:06:00;2021-01-06 15:06:00;2021-01-06 15:06:00;2021-01-06 15:06:00;2021-01-06 15:06:00;225.0;2021-01-03 06:00:00;5;FINISHED;25.00
5ff5d19d0a7214ada10005ec;54943462e4b07e684157a532;45;COMPLETE_PARTNER_RECEIPT;2021-01-06 15:05:01;2021-01-06 15:05:01;2021-01-06 15:05:02;2021-01-06 15:05:02;2021-01-06 15:05:02;50.0;2021-01-05 15:05:01;1;FINISHED;1.00
5ff5d1f20a720f05230005db;5ff5d15aeb7c7d12096d91a2;5;All-receipts receipt bonus;2021-01-06 15:06:26;2021-01-06 15:06:26;2021-01-06 15:06:27;2021-01-06 15:06:27;2021-01-06 15:06:27;5.0;2021-01-05 15:06:26;4;FINISHED;18.20
5ff5d1dc0a720f05230005d6;5ff5d15aeb7c7d12096d91a2;5;All-receipts receipt bonus;2021-01-06 15:06:04;2021-01-06 15:06:04;2021-01-06 15:06:04;2021-01-06 15:06:04;2021-01-06 15:06:04;5.0;2021-01-05 15:06:04;1;FINISHED;1.00
5ff5d1dd0a720f05230005d7;5ff5d15aeb7c7d12096d91a2;;;2021-01-06 15:06:05;2021-01-06 15:06:05;2021-01-06 15:06:06;2021-01-06 15:06:06;2021-01-06 15:06:06;250.0;2021-01-03 06:00:00;5;FINISHED;49.95
5ff5d1a30a7214ada10005ef;5ff5d1a38f142f11dd1886ba;750;Receipt number 1 completed, bonus point schedule DEFAULT (5cefdcacf3693e0b50e83a36);2021-01-06 15:05:07;2021-01-06 15:05:07;2021-01-06 15:05:08;2021-01-06 15:05:08;2021-01-06 15:05:08;755.0;2021-01-05 15:05:07;1;FINISHED;1.00
5ff5d20c0a720f05230005e3;5ff5d15aeb7c7d12096d91a2;5;All-receipts receipt bonus;2021-01-06 15:06:52;2021-01-06 15:06:52;2021-01-06 15:06:53;2021-01-06 15:06:53;2021-01-06 15:06:53;305.0;2021-01-05 15:06:52;4;FINISHED;4.66
5ff5d1fa0a720f05230005dd;5ff5d15aeb7c7d12096d91a2;27;COMPLETE_PARTNER_RECEIPT;2021-01-06 15:06:34;2021-01-06 15:06:34;2021-01-06 15:06:34;2021-01-06 15:06:34;2021-01-06 15:06:34;350.6;2021-01-05 15:06:34;4;FINISHED;4.66
5ff5d1d80a7214ada10005f7;5ff5d15aeb7c7d12096d91a2;;;2021-01-06 15:06:00;2021-01-06 15:06:00;2021-01-06 15:06:01;2021-01-06 15:06:01;2021-01-06 15:06:01;125.0;2021-01-01 06:00:00;5;FINISHED;25.00
5ff5d1f40a720f05230005dc;5ff5d15aeb7c7d12096d91a2;5;All-receipts receipt bonus;2021-01-06 15:06:28;2021-01-06 15:06:28;2021-01-06 15:06:29;2021-01-06 15:06:29;2021-01-06 15:06:29;305.0;2020-12-22 00:00:00;10;FINISHED;10.00
5ff5d2060a720f05230005e0;5ff5d15aeb7c7d12096d91a2;;;2021-01-06 15:06:46;2021-01-06 15:06:46;2021-01-06 15:06:46;2021-01-06 15:06:46;2021-01-06 15:06:46;50.0;2021-01-05 15:06:46;1;FINISHED;9.99
5ff618e30a7214ada10005fa;5ff616a68f142f11dd189163;750;Receipt number 1 completed, bonus point schedule DEFAULT (5cefdcacf3693e0b50e83a36);2021-01-06 20:09:07;2021-01-06 20:09:07;2021-01-06 20:09:42;2021-01-06 20:09:45;2021-01-06 20:09:42;793.1;2021-01-06 00:00:00;16;FINISHED;52.12
5ff5d2060a720f05230005e1;5ff5d15aeb7c7d12096d91a2;45;COMPLETE_PARTNER_RECEIPT;2021-01-06 15:06:46;2021-01-06 15:06:46;2021-01-06 15:06:47;2021-01-06 15:06:47;2021-01-06 15:06:47;100.0;2021-01-06 15:06:46;1;FINISHED;0.99
5ff5d1df0a720f05230005d8;5ff5d15aeb7c7d12096d91a2;5;All-receipts receipt bonus;2021-01-06 15:06:07;2021-01-06 15:06:07;2021-01-06 15:06:08;2021-01-06 15:06:08;2021-01-06 15:06:08;5.0;2021-01-03 06:00:00;5;FINISHED;49.95
5ff5d1990a7214ada10005ea;54943462e4b07e684157a532;5;All-receipts receipt bonus;2021-01-06 15:04:57;2021-01-06 15:04:57;2021-01-06 15:04:58;2021-01-06 15:04:58;2021-01-06 15:04:58;5.0;2020-12-24 15:04:57;1;FINISHED;1.00
5ff5d1d00a7214ada10005f2;5ff5d1d08f142f11dd18884c;750;Receipt number 1 completed, bonus point schedule DEFAULT (5cefdcacf3693e0b50e83a36);2021-01-06 15:05:52;2021-01-06 15:05:52;2021-01-06 15:05:53;2021-01-06 15:05:53;2021-01-06 15:05:53;1800.0;2021-01-06 15:05:52;1;FINISHED;10.00
5ff5d1d60a7214ada10005f5;5ff5d15aeb7c7d12096d91a2;150;Receipt number 5 completed, bonus point schedule DEFAULT (5cefdcacf3693e0b50e83a36);2021-01-06 15:05:58;2021-01-06 15:05:58;2021-01-06 15:05:58;2021-01-06 15:05:58;2021-01-06 15:05:58;200.0;2021-01-05 15:05:58;1;FINISHED;10.00
5ff5d1940a7214ada10005e9;54943462e4b07e684157a532;5;All-receipts receipt bonus;2021-01-06 15:04:52;2021-01-06 15:04:52;2021-01-06 15:04:56;2021-01-06 15:04:56;2021-01-06 15:04:56;5.0;2020-12-24 15:04:52;1;FINISHED;1.00
5ff5d2030a720f05230005df;5ff5d15aeb7c7d12096d91a2;25;COMPLETE_NONPARTNER_RECEIPT;2021-01-06 15:06:43;2021-01-06 15:06:43;2021-01-06 15:06:43;2021-01-06 15:06:43;2021-01-06 15:06:43;25.0;2021-01-06 15:06:43;1;FINISHED;9.99
5ff5d1a10a7214ada10005ee;54943462e4b07e684157a532;45;COMPLETE_PARTNER_RECEIPT;2021-01-06 15:05:05;2021-01-06 15:05:05;2021-01-06 15:05:06;2021-01-06 15:05:06;2021-01-06 15:05:06;50.0;2021-01-05 15:05:05;1;FINISHED;1.00
5ff5d19c0a7214ada10005eb;5ff5d19b8f142f11dd188696;750;Receipt number 1 completed, bonus point schedule DEFAULT (5cefdcacf3693e0b50e83a36);2021-01-06 15:05:00;2021-01-06 15:05:00;2021-01-06 15:05:00;2021-01-06 15:05:00;2021-01-06 15:05:00;750.0;2021-01-05 15:05:00;1;FINISHED;1.00
5ff5d1cb0a7214ada10005f0;5ff5d15aeb7c7d12096d91a2;750;Receipt number 1 completed, bonus point schedule DEFAULT (5cefdcacf3693e0b50e83a36);2021-01-06 15:05:47;2021-01-06 15:05:47;2021-01-06 15:05:48;2021-01-06 15:05:48;2021-01-06 15:05:48;750.0;2021-01-01 06:00:00;5;FINISHED;49.95
5ff5d20b0a720f05230005e2;5ff5d15aeb7c7d12096d91a2;5;All-receipts receipt bonus;2021-01-06 15:06:51;2021-01-06 15:06:51;2021-01-06 15:06:51;2021-01-06 15:06:51;2021-01-06 15:06:51;5.0;2021-01-06 15:06:51;1;FINISHED;9.99
5ff73be50a720f0523000608;5ff73be5eb7c7d31ca8a45a7;750;Receipt number 1 completed, bonus point schedule DEFAULT (5cefdcacf3693e0b50e83a36);2021-01-07 16:50:45;2021-01-07 16:50:45;2021-01-07 16:50:45;2021-01-07 16:50:50;2021-01-07 16:50:45;750.0;2021-01-07 00:00:00;6;FINISHED;29.00
5ff7946f0a720f052300063c;5ff79464b3348b11c933738b;250;Receipt number 3 completed, bonus point schedule DEFAULT (5cefdcacf3693e0b50e83a36);2021-01-05 17:08:31;2021-01-05 17:08:31;2021-01-07 17:08:35;2021-01-07 23:08:37;2021-01-07 17:08:35;3250.0;2021-01-05 12:00:00;3;FINISHED;23.00
5ff726910a720f05230005f1;5ff7268eeb7c7d12096da2a9;100;Receipt number 6 completed, bonus point schedule DEFAULT (5cefdcacf3693e0b50e83a36);2021-01-07 15:19:45;2021-01-07 15:19:45;2021-01-07 15:19:45;2021-01-07 15:19:50;2021-01-07 15:19:45;100.0;2021-01-07 00:00:00;4;FINISHED;25.00
5ff774200a7214ada1000638;5ff7741e04929111f6e90902;;;2021-01-07 20:50:40;2021-01-07 20:50:40;2021-01-07 20:50:40;2021-01-07 20:50:40;;0.0;2021-01-07 00:00:00;2;FINISHED;6.18
5ff74fd10a720f0523000619;54943462e4b07e684157a532;5;All-receipts receipt bonus;2021-01-07 18:15:45;2021-01-07 18:15:45;2021-01-07 18:15:47;2021-01-07 18:15:47;2021-01-07 18:15:47;5.0;2021-01-06 18:15:45;1;FINISHED;1.00
5ff73bdb0a720f0523000605;5ff73b90eb7c7d31ca8a452b;25;COMPLETE_NONPARTNER_RECEIPT;2021-01-07 16:50:35;2021-01-07 16:50:35;2021-01-07 16:50:35;2021-01-07 16:50:35;2021-01-07 16:50:35;25.0;2020-12-31 00:00:00;1;FINISHED;10.00
5ff794940a720f0523000640;5ff79464b3348b11c933738b;5;All-receipts receipt bonus;2021-01-05 17:09:08;2021-01-05 17:09:08;2021-01-07 17:09:11;2021-01-07 23:09:13;2021-01-07 17:09:11;4005.0;2021-01-05 12:00:00;3;FINISHED;23.00
5ff794020a720f0523000635;5ff7930fb3348b11c93372a6;5;All-receipts receipt bonus;2021-01-06 05:06:42;2021-01-06 05:06:42;2021-01-07 11:06:44;2021-01-07 17:06:46;2021-01-07 11:06:44;2005.0;2021-01-05 05:06:42;1;FINISHED;1.00
5ff73beb0a7214ada100061c;5ff73bea8f142f3276c3e84a;300;Receipt number 4 completed, bonus point schedule DEFAULT (5cefdcacf3693e0b50e83a36);2021-01-07 16:50:51;2021-01-07 16:50:51;2021-01-07 16:50:52;2021-01-07 16:50:56;2021-01-07 16:50:52;300.0;2021-01-07 00:00:00;4;FINISHED;22.00
5ff794bf0a7214ada1000650;5ff7930fb3348b11c93372a6;25;COMPLETE_NONPARTNER_RECEIPT;2021-01-06 23:09:51;2021-01-06 23:09:51;;2021-01-07 17:09:53;;25.0;2021-01-05 23:09:51;1;FLAGGED;1.00
5ff74faf0a720f0523000613;5ff74f3db3348b11c93361d1;750;Receipt number 1 completed, bonus point schedule DEFAULT (5cefdcacf3693e0b50e83a36);2021-01-07 18:15:11;2021-01-07 18:15:11;2021-01-07 18:15:13;2021-01-07 18:15:13;2021-01-07 18:15:13;841.2;2021-01-06 18:15:11;4;FINISHED;18.20
5ff7945a0a7214ada1000646;5ff79459b3348b11c933736d;750;Receipt number 1 completed, bonus point schedule DEFAULT (5cefdcacf3693e0b50e83a36);2021-01-05 17:08:10;2021-01-05 17:08:10;2021-01-07 17:08:14;2021-01-07 23:08:16;2021-01-07 17:08:14;5750.0;2021-01-05 12:00:00;4;FINISHED;27.00
5ff74ffe0a720f0523000621;5ff74f3db3348b11c93361d1;5;All-receipts receipt bonus;2021-01-07 18:16:30;2021-01-07 18:16:30;2021-01-07 18:16:30;2021-01-07 18:16:30;2021-01-07 18:16:30;5.0;2020-12-24 00:00:00;5;FINISHED;49.95
5ff726790a7214ada1000602;5ff7264e8f142f11dd189504;5;All-receipts receipt bonus;2021-01-07 15:19:21;2021-01-07 15:19:21;2021-01-07 15:19:27;2021-01-07 15:19:27;2021-01-07 15:19:22;5.0;2021-01-06 15:19:21;2;FINISHED;1.00
5ff750050a7214ada1000633;5ff75004b3348b11c9336bd6;750;Receipt number 1 completed, bonus point schedule DEFAULT (5cefdcacf3693e0b50e83a36);2021-01-07 18:16:37;2021-01-07 18:16:37;2021-01-07 18:16:37;2021-01-07 18:16:37;2021-01-07 18:16:37;1800.0;2021-01-07 18:16:37;1;FINISHED;10.00
5ff74ffb0a720f0523000620;5ff74f3db3348b11c93361d1;45;COMPLETE_PARTNER_RECEIPT;2021-01-07 18:16:27;2021-01-07 18:16:27;2021-01-07 18:16:28;2021-01-07 18:16:28;2021-01-07 18:16:28;350.0;2021-01-06 18:16:27;1;FINISHED;1.00
5ff74ff50a720f052300061e;5ff74f3db3348b11c93361d1;5;All-receipts receipt bonus;2021-01-07 18:16:21;2021-01-07 18:16:21;2021-01-07 18:16:22;2021-01-07 18:16:22;2021-01-07 18:16:22;5.0;2021-01-06 18:16:21;1;FINISHED;1.00
5ff794640a720f052300063b;5ff79464b3348b11c933738b;750;Receipt number 1 completed, bonus point schedule DEFAULT (5cefdcacf3693e0b50e83a36);2021-01-05 17:08:20;2021-01-05 17:08:20;2021-01-07 17:08:26;2021-01-07 17:08:26;2021-01-07 17:08:26;3750.0;2021-01-05 12:00:00;2;FINISHED;21.00
5ff726810a720f05230005ea;5ff7264e8f142f11dd189504;5;All-receipts receipt bonus;2021-01-07 15:19:29;2021-01-07 15:19:29;2021-01-07 15:19:35;2021-01-07 15:19:35;2021-01-07 15:19:30;5.0;2021-01-06 15:19:29;2;FINISHED;1.00
5ff73be10a7214ada1000619;5ff73b90eb7c7d31ca8a452b;;;2021-01-07 16:50:41;2021-01-07 16:50:41;;2021-01-07 16:50:41;;8700.0;2021-02-07 16:50:41;10;FLAGGED;290.00
5ff73bae0a720f0523000600;5ff73b90eb7c7d31ca8a452b;150;Receipt number 5 completed, bonus point schedule DEFAULT (5cefdcacf3693e0b50e83a36);2021-01-07 16:49:50;2021-01-07 16:49:50;2021-01-07 16:49:56;2021-01-07 16:49:56;2021-01-07 16:49:51;150.0;2021-01-06 16:49:50;2;FINISHED;1.00
5ff73be90a720f052300060a;5ff73be9eb7c7d31ca8a45bc;;;2021-01-07 16:50:49;2021-01-07 16:50:49;;2021-01-07 16:50:49;;;;0;FLAGGED;0.00
5ff7265a0a7214ada10005fb;5ff7264e8f142f11dd189504;750;Receipt number 1 completed, bonus point schedule DEFAULT (5cefdcacf3693e0b50e83a36);2021-01-07 15:18:50;2021-01-07 15:18:50;2021-01-07 15:18:51;2021-01-07 15:18:55;2021-01-07 15:18:51;760.0;2021-01-06 15:18:50;1;FINISHED;1.00
5ff7942e0a720f0523000637;5ff7930fb3348b11c93372a6;5;All-receipts receipt bonus;2021-01-05 23:07:26;2021-01-05 23:07:26;2021-01-07 23:07:36;2021-01-07 23:07:36;2021-01-07 05:07:29;2005.0;2021-01-04 23:07:26;2;FINISHED;1.00
5ff794600a7214ada1000647;5ff7946004929111f6e90ceb;;;2021-01-07 05:08:16;2021-01-07 05:08:16;;2021-01-07 17:08:17;;;;0;FLAGGED;0.00
5ff726a40a720f05230005fa;5ff726a38f142f11dd1895dc;750;Receipt number 1 completed, bonus point schedule DEFAULT (5cefdcacf3693e0b50e83a36);2021-01-07 15:20:04;2021-01-07 15:20:04;;2021-01-07 15:20:05;2021-01-07 15:20:05;810.0;2021-01-06 15:20:04;5;FLAGGED;13.00
5ff794130a7214ada1000640;5ff7930fb3348b11c93372a6;5;All-receipts receipt bonus;2021-01-05 23:06:59;2021-01-05 23:06:59;2021-01-07 23:07:08;2021-01-07 23:07:08;2021-01-07 05:07:02;2005.0;2021-01-04 23:06:58;2;FINISHED;1.00
5ff726640a720f05230005e6;5ff7264e8f142f11dd189504;250;Receipt number 3 completed, bonus point schedule DEFAULT (5cefdcacf3693e0b50e83a36);2021-01-07 15:19:00;2021-01-07 15:19:00;2021-01-07 15:34:02;2021-01-07 15:34:02;2021-01-07 15:19:01;250.0;2021-01-06 00:00:00;5;FINISHED;50.00
5ff793dd0a720f0523000633;5ff793dd04929111f6e90c69;750;Receipt number 1 completed, bonus point schedule DEFAULT (5cefdcacf3693e0b50e83a36);2021-01-02 17:06:05;2021-01-02 17:06:05;;2021-01-07 17:06:17;2021-01-06 23:06:16;780.0;2021-01-01 17:06:05;4;FLAGGED;12.00
5ff726860a720f05230005ec;5ff7264e8f142f11dd189504;;;2021-01-07 15:19:34;2021-01-07 15:19:34;;2021-01-07 15:19:34;;;;;SUBMITTED;
5ff8da4e0a720f05c5000012;5ff8da4e04929111f6e91462;750;Receipt number 1 completed, bonus point schedule DEFAULT (5cefdcacf3693e0b50e83a36);2021-01-08 22:18:54;2021-01-08 22:18:54;2021-01-08 22:18:55;2021-01-08 22:19:00;2021-01-08 22:18:55;750.0;2021-01-07 22:18:54;1;FINISHED;3.25
5ff873de0a720f0523000648;5ff873ddb3348b11c9337733;500;Receipt number 2 completed, bonus point schedule DEFAULT (5cefdcacf3693e0b50e83a36);2021-01-08 15:01:50;2021-01-08 15:01:50;2021-01-08 15:01:50;2021-01-08 15:01:55;2021-01-08 15:01:50;500.0;2021-01-08 00:00:00;4;FINISHED;23.00
5ff8740c0a720f0523000659;5ff873d1b3348b11c9337716;25;COMPLETE_NONPARTNER_RECEIPT;2021-01-08 15:02:36;2021-01-08 15:02:36;2021-01-08 15:02:37;2021-01-08 15:02:37;2021-01-08 15:02:37;25.0;2021-01-01 00:00:00;1;FINISHED;10.00
5ff8da4c0a720f05c5000011;5ff8da28b3348b11c9337ac6;150;Receipt number 5 completed, bonus point schedule DEFAULT (5cefdcacf3693e0b50e83a36);2021-01-08 22:18:52;2021-01-08 22:18:52;;2021-01-08 22:18:52;2021-01-08 22:18:52;150.0;2021-01-07 22:18:52;1;FLAGGED;1.00
5ff8da860a720f05c5000022;5ff8da28b3348b11c9337ac6;5;All-receipts receipt bonus;2021-01-08 22:19:50;2021-01-08 22:19:50;2021-01-08 22:19:51;2021-01-08 22:19:56;2021-01-08 22:19:50;5.0;2021-01-07 22:19:50;2;FINISHED;11.00
5ff8da7c0a7214adca000020;5ff8da7c04929111f6e914de;750;Receipt number 1 completed, bonus point schedule DEFAULT (5cefdcacf3693e0b50e83a36);2021-01-08 22:19:40;2021-01-08 22:19:40;2021-01-08 22:19:40;2021-01-08 22:19:45;2021-01-08 22:19:40;750.0;2021-01-08 00:00:00;4;FINISHED;27.00
5ff8da650a7214adca00001e;5ff8da65b3348b11c9337b29;750;Receipt number 1 completed, bonus point schedule DEFAULT (5cefdcacf3693e0b50e83a36);2021-01-08 22:19:17;2021-01-08 22:19:17;;2021-01-08 22:19:19;2021-01-08 22:19:19;810.0;2021-01-07 22:19:17;5;FLAGGED;13.00
5ff8da540a7214adca000017;5ff8da28b3348b11c9337ac6;5;All-receipts receipt bonus;2021-01-08 22:19:00;2021-01-08 22:19:00;2021-01-08 22:19:05;2021-01-08 22:19:05;2021-01-08 22:19:00;5.0;2021-01-07 22:19:00;2;FINISHED;1.00
5ff873f10a720f052300064f;5ff873d1b3348b11c9337716;500;Receipt number 2 completed, bonus point schedule DEFAULT (5cefdcacf3693e0b50e83a36);2021-01-08 15:02:09;2021-01-08 15:02:09;;2021-01-08 15:02:10;;9200.0;2021-02-08 15:02:10;10;FLAGGED;290.00
5ff874170a7214ada100065f;5ff873d1b3348b11c9337716;25;COMPLETE_NONPARTNER_RECEIPT;2021-01-08 15:02:47;2021-01-08 15:02:47;2021-01-08 15:02:47;2021-01-08 15:02:47;2021-01-08 15:02:47;25.0;2021-01-01 00:00:00;1;FINISHED;10.00
5ff8da680a720f05c5000019;54943462e4b07e684157a532;5;All-receipts receipt bonus;2021-01-08 22:19:20;2021-01-08 22:19:20;2021-01-08 22:19:21;2021-01-08 22:19:21;2021-01-08 22:19:21;1005.0;2021-01-07 22:19:20;1;FINISHED;1.00
5ff873e30a720f052300064c;5ff873ddb3348b11c9337733;5;All-receipts receipt bonus;2021-01-08 15:01:55;2021-01-08 15:01:55;2021-01-08 15:01:56;2021-01-08 15:02:00;2021-01-08 15:01:56;5.0;2021-01-08 00:00:00;1;FINISHED;28.00
5ff8cea10a7214adca00000b;5ff8ce8504929111f6e913cb;250;Receipt number 3 completed, bonus point schedule DEFAULT (5cefdcacf3693e0b50e83a36);2021-01-06 21:29:05;2021-01-06 21:29:05;2021-01-08 21:29:15;2021-01-08 21:29:15;2021-01-08 21:29:15;1999.6;2021-01-05 21:29:05;2;FINISHED;1.00
5ff874050a7214ada100065d;5ff873d1b3348b11c9337716;5;All-receipts receipt bonus;2021-01-08 15:02:29;2021-01-08 15:02:29;2021-01-08 15:02:34;2021-01-08 15:02:34;2021-01-08 15:02:29;5.0;2021-01-07 15:02:29;2;FINISHED;1.00
5ff8da620a7214adca00001d;5ff8da62b3348b11c9337b21;750;Receipt number 1 completed, bonus point schedule DEFAULT (5cefdcacf3693e0b50e83a36);2021-01-08 22:19:14;2021-01-08 22:19:14;;2021-01-08 22:19:15;2021-01-08 22:19:14;750.0;2021-01-07 22:19:14;1;FLAGGED;1.00
5ff8da820a720f05c5000020;5ff8da7eb3348b11c9337b72;5;All-receipts receipt bonus;2021-01-08 22:19:46;2021-01-08 22:19:46;2021-01-08 22:19:46;2021-01-08 22:19:51;2021-01-08 22:19:46;5.0;2021-01-08 00:00:00;2;FINISHED;20.00
5ff8da390a7214adca000013;5ff8da28b3348b11c9337ac6;250;Receipt number 3 completed, bonus point schedule DEFAULT (5cefdcacf3693e0b50e83a36);2021-01-08 22:18:33;2021-01-08 22:18:33;2021-01-08 22:18:34;2021-01-08 22:18:34;2021-01-08 22:18:34;350.0;2021-01-01 00:00:00;1;FINISHED;10.00
5ff873df0a7214ada1000652;5ff873ddb3348b11c9337733;300;Receipt number 4 completed, bonus point schedule DEFAULT (5cefdcacf3693e0b50e83a36);2021-01-08 15:01:51;2021-01-08 15:01:51;2021-01-08 15:01:51;2021-01-08 15:01:56;2021-01-08 15:01:51;300.0;2021-01-08 00:00:00;2;FINISHED;24.00
5ff8da7f0a7214adca000022;5ff8da7eb3348b11c9337b72;250;Receipt number 3 completed, bonus point schedule DEFAULT (5cefdcacf3693e0b50e83a36);2021-01-08 22:19:43;2021-01-08 22:19:43;2021-01-08 22:19:43;2021-01-08 22:19:48;2021-01-08 22:19:43;250.0;2021-01-08 00:00:00;4;FINISHED;26.00
5ff8da7f0a720f05c500001d;5ff8da7eb3348b11c9337b72;500;Receipt number 2 completed, bonus point schedule DEFAULT (5cefdcacf3693e0b50e83a36);2021-01-08 22:19:43;2021-01-08 22:19:43;2021-01-08 22:19:43;2021-01-08 22:19:48;2021-01-08 22:19:43;500.0;2021-01-08 00:00:00;5;FINISHED;20.00
5ff8da800a720f05c500001e;5ff8da7eb3348b11c9337b72;300;Receipt number 4 completed, bonus point schedule DEFAULT (5cefdcacf3693e0b50e83a36);2021-01-08 22:19:43;2021-01-08 22:19:43;2021-01-08 22:19:44;2021-01-08 22:19:49;2021-01-08 22:19:44;300.0;2021-01-08 00:00:00;2;FINISHED;28.00
5ff8c4fb0a7214adca000006;5ff8c4e8b3348b11c9337a11;500;Receipt number 2 completed, bonus point schedule DEFAULT (5cefdcacf3693e0b50e83a36);2021-01-08 20:47:55;2021-01-08 20:47:55;2021-01-08 20:47:56;2021-01-08 20:47:56;2021-01-08 20:47:56;600.0;2021-01-01 00:00:00;1;FINISHED;10.00
5fa5b0ca0a720f05ef0000bf;5fa5b0b720dc5111dd86dcc1;100;Receipt number 6 completed, bonus point schedule DEFAULT (5cefdcacf3693e0b50e83a36);2020-11-05 20:23:38;2020-11-05 20:23:38;2021-01-08 21:44:00;2021-01-08 21:44:00;2021-01-08 21:44:00;189.2;2020-11-04 20:23:38;6;FINISHED;14.00
5ff873f90a720f0523000651;5ff873d1b3348b11c9337716;250;Receipt number 3 completed, bonus point schedule DEFAULT (5cefdcacf3693e0b50e83a36);2021-01-08 15:02:17;2021-01-08 15:02:17;2021-01-08 15:02:17;2021-01-08 15:02:17;2021-01-08 15:02:17;250.0;2021-01-07 15:02:17;1;FINISHED;1.00
5ff8c8880a7214adca000008;5ff8c88604929111f6e913b7;;;2021-01-08 21:03:04;2021-01-08 21:03:04;2021-01-08 21:03:05;2021-01-08 21:03:05;;0.0;2021-01-08 00:00:00;2;FINISHED;6.18
5ff8da570a720f05c5000015;5ff8da28b3348b11c9337ac6;;;2021-01-08 22:19:03;2021-01-08 22:19:03;;2021-01-08 22:19:04;;;;0;REJECTED;0.00
5ff873d40a720f0523000644;5ff873d304929111f6e91096;750;Receipt number 1 completed, bonus point schedule DEFAULT (5cefdcacf3693e0b50e83a36);2021-01-08 15:01:40;2021-01-08 15:01:40;2021-01-08 15:01:44;2021-01-08 15:01:48;2021-01-08 15:01:44;750.0;2021-01-08 00:00:00;8;FINISHED;23.00
5ff8c3a20a7214adca000005;5ff8c330b3348b11c9337a04;500;Receipt number 2 completed, bonus point schedule DEFAULT (5cefdcacf3693e0b50e83a36);2021-01-08 20:42:10;2021-01-08 20:42:10;2021-01-08 20:43:03;2021-01-08 20:43:03;2021-01-08 20:43:03;600.0;2021-01-01 00:00:00;1;FINISHED;10.00
5ff8da550a720f05c5000014;5ff8da28b3348b11c9337ac6;5;All-receipts receipt bonus;2021-01-08 22:19:01;2021-01-08 22:19:01;2021-01-08 22:19:06;2021-01-08 22:19:06;2021-01-08 22:19:01;1005.0;2021-01-07 22:19:01;2;FINISHED;1.00
5ff8da7d0a720f05c500001c;5ff8da7db3348b11c9337b6a;;;2021-01-08 22:19:41;2021-01-08 22:19:41;;2021-01-08 22:19:41;;;;0;FLAGGED;0.00
5ffc98b70a720f05c500003d;5ffc98b604929111f6e923f5;5;All-receipts receipt bonus;2021-01-11 08:28:07;2021-01-11 08:28:07;2021-01-11 13:28:10;2021-01-11 13:28:10;2021-01-11 13:28:10;5.0;2021-01-10 14:00:00;1;FINISHED;3.09
5ffcb4d40a7214ad4e000017;5ffcb47d04929111f6e9256c;;;2021-01-11 20:28:04;2021-01-11 20:28:04;2021-01-11 20:28:05;2021-01-11 20:28:05;2021-01-11 20:28:05;100.0;2021-01-04 00:00:00;1;FINISHED;10.00
5ffc8ffc0a720f05c5000036;5ffc8ff9b3348b11c9338896;150;Receipt number 5 completed, bonus point schedule DEFAULT (5cefdcacf3693e0b50e83a36);2021-01-11 17:50:52;2021-01-11 17:50:52;2021-01-11 17:50:52;2021-01-11 17:50:57;2021-01-11 17:50:52;150.0;2021-01-11 00:00:00;1;FINISHED;20.00
5ffc9d8c0a7214adca000049;5ffc9d8cb3348b11c9338927;750;Receipt number 1 completed, bonus point schedule DEFAULT (5cefdcacf3693e0b50e83a36);2021-01-11 18:48:44;2021-01-11 18:48:44;;2021-01-11 18:48:45;2021-01-11 18:48:45;750.0;2021-01-10 18:48:44;1;FLAGGED;1.00
5ffc9da40a7214adca000050;5ffc9da0b3348b11c9338951;5;All-receipts receipt bonus;2021-01-11 18:49:08;2021-01-11 18:49:08;2021-01-11 18:49:08;2021-01-11 18:49:13;2021-01-11 18:49:08;5.0;2021-01-11 00:00:00;5;FINISHED;21.00
5ffc9daa0a7214adca000054;5ffc9d87b3348b11c9338920;250;Receipt number 3 completed, bonus point schedule DEFAULT (5cefdcacf3693e0b50e83a36);2021-01-11 18:49:14;2021-01-11 18:49:14;2021-01-11 18:49:15;2021-01-11 18:49:15;2021-01-11 18:49:15;350.0;2021-01-04 00:00:00;1;FINISHED;10.00
5ffc8cc20a720f05c5000026;5ffc8cc104929111f6e922a3;;;2021-01-11 07:37:06;2021-01-11 07:37:06;2021-01-11 12:38:01;2021-01-11 12:38:01;;0.0;2021-01-10 14:00:00;1;FINISHED;3.09
5ffc9da10a720f05c5000043;5ffc9da0b3348b11c9338951;750;Receipt number 1 completed, bonus point schedule DEFAULT (5cefdcacf3693e0b50e83a36);2021-01-11 18:49:05;2021-01-11 18:49:05;2021-01-11 18:49:05;2021-01-11 18:49:10;2021-01-11 18:49:05;750.0;2021-01-11 00:00:00;4;FINISHED;21.00
5ffcb4b90a720f051500000c;5ffcb4b9b3348b11c9338ae7;750;Receipt number 1 completed, bonus point schedule DEFAULT (5cefdcacf3693e0b50e83a36);2021-01-11 20:27:37;2021-01-11 20:27:37;2021-01-11 20:27:38;2021-01-11 20:27:42;2021-01-11 20:27:38;750.0;2021-01-11 00:00:00;5;FINISHED;22.00
5ffca2f30a720f05c5000054;5ffca2f3b3348b11c9338a10;5;All-receipts receipt bonus;2021-01-11 09:11:47;2021-01-11 09:11:47;2021-01-11 14:11:50;2021-01-11 14:11:50;2021-01-11 14:11:50;5.0;2021-01-10 14:00:00;1;FINISHED;3.09
5ffcb4900a720f0515000002;5ffcb47d04929111f6e9256c;250;Receipt number 3 completed, bonus point schedule DEFAULT (5cefdcacf3693e0b50e83a36);2021-01-11 20:26:56;2021-01-11 20:26:56;;2021-01-11 20:26:57;;8950.0;2021-02-11 20:26:56;10;FLAGGED;290.00
5ffc8fa40a720f05c5000028;5ffc8f9704929111f6e922bf;300;Receipt number 4 completed, bonus point schedule DEFAULT (5cefdcacf3693e0b50e83a36);2021-01-11 17:49:24;2021-01-11 17:49:24;2021-01-11 17:49:30;2021-01-11 17:49:30;2021-01-11 17:49:24;300.0;2021-01-10 17:49:24;2;FINISHED;1.00
5ffc92a20a7214adca000046;5ffc92a104929111f6e923cb;5;All-receipts receipt bonus;2021-01-11 08:02:10;2021-01-11 08:02:10;2021-01-11 13:02:19;2021-01-11 13:02:19;2021-01-11 13:02:19;5.0;2021-01-10 14:00:00;1;FINISHED;3.09
5ffc8fe80a720f05c5000031;54943462e4b07e684157a532;5;All-receipts receipt bonus;2021-01-11 17:50:32;2021-01-11 17:50:32;2021-01-11 17:50:33;2021-01-11 17:50:33;2021-01-11 17:50:33;5.0;2021-01-10 17:50:31;1;FINISHED;1.00
5ffc9da10a7214adca00004d;5ffc9da0b3348b11c9338951;500;Receipt number 2 completed, bonus point schedule DEFAULT (5cefdcacf3693e0b50e83a36);2021-01-11 18:49:05;2021-01-11 18:49:05;2021-01-11 18:49:06;2021-01-11 18:49:10;2021-01-11 18:49:06;500.0;2021-01-11 00:00:00;4;FINISHED;27.00
5ffc9dc60a7214adca00005a;5ffc9d87b3348b11c9338920;;;2021-01-11 18:49:42;2021-01-11 18:49:42;;2021-01-11 18:49:43;;;2017-10-30 00:00:00;3;REJECTED;3.00
5ffcb48d0a7214ad4e000002;5ffcb48d04929111f6e92594;750;Receipt number 1 completed, bonus point schedule DEFAULT (5cefdcacf3693e0b50e83a36);2021-01-11 20:26:53;2021-01-11 20:26:53;;2021-01-11 20:26:55;2021-01-11 20:26:55;750.0;2021-01-10 20:26:53;1;FLAGGED;1.00
5ffc9da20a7214adca00004e;5ffc9da0b3348b11c9338951;300;Receipt number 4 completed, bonus point schedule DEFAULT (5cefdcacf3693e0b50e83a36);2021-01-11 18:49:06;2021-01-11 18:49:06;2021-01-11 18:49:07;2021-01-11 18:49:11;2021-01-11 18:49:07;300.0;2021-01-11 00:00:00;4;FINISHED;29.00
5ffc8fa90a720f05c500002a;5ffc8f9704929111f6e922bf;5;All-receipts receipt bonus;2021-01-11 17:49:29;2021-01-11 17:49:29;2021-01-11 17:49:30;2021-01-11 17:49:30;2021-01-11 17:49:30;5.0;2021-01-11 17:49:29;1;FINISHED;2.23
5ffc9dd00a720f05c5000051;5ffc9d87b3348b11c9338920;25;COMPLETE_NONPARTNER_RECEIPT;2021-01-11 18:49:52;2021-01-11 18:49:52;;2021-01-11 18:49:52;;25.0;2021-01-10 18:49:52;1;FLAGGED;1.00
5ffcb4ad0a720f0515000009;5ffcb47d04929111f6e9256c;5;All-receipts receipt bonus;2021-01-11 20:27:25;2021-01-11 20:27:25;2021-01-11 20:27:30;2021-01-11 20:27:30;2021-01-11 20:27:25;5.0;2021-01-10 20:27:25;2;FINISHED;1.00
5ffcb4c10a7214ad4e000014;5ffcb4bc04929111f6e92608;5;All-receipts receipt bonus;2021-01-11 20:27:45;2021-01-11 20:27:45;2021-01-11 20:27:45;2021-01-11 20:27:50;2021-01-11 20:27:45;5.0;2021-01-11 00:00:00;3;FINISHED;20.00
5ffc9d9d0a720f05c5000042;5ffc9d9d04929111f6e9244f;750;Receipt number 1 completed, bonus point schedule DEFAULT (5cefdcacf3693e0b50e83a36);2021-01-11 18:49:01;2021-01-11 18:49:01;2021-01-11 18:49:02;2021-01-11 18:49:06;2021-01-11 18:49:02;750.0;2021-01-11 00:00:00;2;FINISHED;26.00
5ffc9d9c0a7214adca00004b;5ffc9d9cb3348b11c933893f;5;All-receipts receipt bonus;2021-01-11 18:49:00;2021-01-11 18:49:00;;2021-01-11 18:49:05;;5;2021-01-11 00:00:00;1;REJECTED;10.00
5ffc8fa10a7214adca00002e;5ffc8f9704929111f6e922bf;250;Receipt number 3 completed, bonus point schedule DEFAULT (5cefdcacf3693e0b50e83a36);2021-01-11 17:49:21;2021-01-11 17:49:21;2021-01-11 17:49:28;2021-01-11 17:49:28;2021-01-11 17:49:21;250.0;2021-01-10 17:49:21;2;FINISHED;1.00
5ffcb4c90a7214ad4e000016;5ffcb47d04929111f6e9256c;;;2021-01-11 20:27:53;2021-01-11 20:27:53;2021-01-11 20:27:54;2021-01-11 20:27:54;2021-01-11 20:27:53;100.0;2021-01-04 00:00:00;1;FINISHED;10.00
5ffc8cb40a720f05c5000025;5ffc8cb304929111f6e9229d;;;2021-01-11 07:36:52;2021-01-11 07:36:52;2021-01-11 12:36:56;2021-01-11 12:36:56;;0.0;2021-01-10 14:00:00;1;FINISHED;3.09
5ffcb4b80a7214ad4e00000d;5ffcb4b8b3348b11c9338ae1;5;All-receipts receipt bonus;2021-01-11 20:27:36;2021-01-11 20:27:36;;2021-01-11 20:27:41;;5;2021-01-11 00:00:00;1;REJECTED;10.00
5ffcb4a20a720f0515000006;5ffcb47d04929111f6e9256c;100;Receipt number 6 completed, bonus point schedule DEFAULT (5cefdcacf3693e0b50e83a36);2021-01-11 20:27:14;2021-01-11 20:27:14;2021-01-11 20:27:19;2021-01-11 20:27:19;2021-01-11 20:27:14;100.0;2021-01-10 20:27:14;2;FINISHED;1.00
5ffc8f990a7214adca00002d;5ffc8f9704929111f6e922bf;750;Receipt number 1 completed, bonus point schedule DEFAULT (5cefdcacf3693e0b50e83a36);2021-01-11 17:49:13;2021-01-11 17:49:13;2021-01-11 17:49:18;2021-01-11 17:49:18;2021-01-11 17:49:18;885.0;2021-01-10 17:49:13;2;FINISHED;2.00
5ffe1cbe0a7214ad28002843;59c124bae4b0299e55b0f330;;;2021-01-12 22:03:42;2021-01-12 22:03:42;2021-01-12 22:03:42;2021-01-12 22:03:42;;;2021-01-12 00:00:00;;PENDING;28.57
5ffce7db0a720f051500236e;59c124bae4b0299e55b0f330;;;2021-01-12 00:05:47;2021-01-12 00:05:47;2021-01-12 00:05:49;2021-01-12 00:05:47;;;2021-01-12 00:00:00;;PENDING;28.57
5ffce8570a7214ad4e003e6f;59c124bae4b0299e55b0f330;;;2021-01-12 00:07:51;2021-01-12 00:07:51;;2021-01-12 00:07:51;;;;;SUBMITTED;
5ffce8310a7214ad4e003797;59c124bae4b0299e55b0f330;;;2021-01-12 00:07:13;2021-01-12 00:07:13;2021-01-12 00:07:14;2021-01-12 00:07:13;;;2021-01-12 00:00:00;;PENDING;28.57
5ffe19d90a7214ad28000e62;59c124bae4b0299e55b0f330;;;2021-01-12 21:51:21;2021-01-12 21:51:21;2021-01-12 21:51:21;2021-01-12 21:51:21;;;2021-01-12 00:00:00;;PENDING;28.57
5ffe1d030a720f05ac002c9e;59c124bae4b0299e55b0f330;;;2021-01-12 22:04:51;2021-01-12 22:04:51;2021-01-12 22:04:51;2021-01-12 22:04:51;;;2021-01-12 00:00:00;;PENDING;28.57
5ffce8250a7214ad4e0034de;59c124bae4b0299e55b0f330;;;2021-01-12 00:07:00;2021-01-12 00:07:00;;2021-01-12 00:07:00;;;;;SUBMITTED;
5ffcefb00a720f0515005e8d;59c124bae4b0299e55b0f330;;;2021-01-12 00:39:12;2021-01-12 00:39:12;;2021-01-12 00:39:12;;;;;SUBMITTED;
5ffce76e0a720f0515000b48;59c124bae4b0299e55b0f330;;;2021-01-12 00:03:58;2021-01-12 00:03:58;2021-01-12 00:04:00;2021-01-12 00:03:58;;;2021-01-12 00:00:00;;PENDING;28.57
5ffe23560a720f05ac006874;59c124bae4b0299e55b0f330;;;2021-01-12 22:31:50;2021-01-12 22:31:50;2021-01-12 22:31:50;2021-01-12 22:31:50;;;2021-01-12 00:00:00;;PENDING;28.57
5ffe22a20a720f05ac0061d7;59c124bae4b0299e55b0f330;;;2021-01-12 22:28:50;2021-01-12 22:28:50;2021-01-12 22:28:50;2021-01-12 22:28:50;;;2021-01-12 00:00:00;;PENDING;28.57
5ffe1dc20a7214ad28003180;59c124bae4b0299e55b0f330;;;2021-01-12 22:08:02;2021-01-12 22:08:02;2021-01-12 22:08:03;2021-01-12 22:08:02;;;2021-01-12 00:00:00;;PENDING;28.57
5ffce88b0a7214ad4e004b22;59c124bae4b0299e55b0f330;;;2021-01-12 00:08:42;2021-01-12 00:08:42;;2021-01-12 00:08:42;;;;;SUBMITTED;
5ffce7a70a720f05150016b0;59c124bae4b0299e55b0f330;;;2021-01-12 00:04:55;2021-01-12 00:04:55;;2021-01-12 00:04:55;;;;;SUBMITTED;
5ffe1aa90a7214ad280015e8;59c124bae4b0299e55b0f330;;;2021-01-12 21:54:49;2021-01-12 21:54:49;2021-01-12 21:54:49;2021-01-12 21:54:49;;;2021-01-12 00:00:00;;PENDING;28.57
5ffcef5a0a720f0515004f1a;59c124bae4b0299e55b0f330;;;2021-01-12 00:37:46;2021-01-12 00:37:46;2021-01-12 00:37:46;2021-01-12 00:37:46;;;2021-01-12 00:00:00;;PENDING;28.57
5ffe23d70a7214ad280068f6;59c124bae4b0299e55b0f330;;;2021-01-12 22:33:59;2021-01-12 22:33:59;2021-01-12 22:33:59;2021-01-12 22:33:59;;;2021-01-12 00:00:00;;PENDING;28.57
5ffe18b10a7214ad280003d1;59c124bae4b0299e55b0f330;;;2021-01-12 21:46:25;2021-01-12 21:46:25;2021-01-12 21:46:25;2021-01-12 21:46:25;;;2021-01-12 00:00:00;;PENDING;28.57
5ffcef630a720f05150050ae;59c124bae4b0299e55b0f330;;;2021-01-12 00:37:55;2021-01-12 00:37:55;2021-01-12 00:37:55;2021-01-12 00:37:55;;;2021-01-12 00:00:00;;PENDING;28.57
5ffce7ae0a7214ad4e001851;59c124bae4b0299e55b0f330;;;2021-01-12 00:05:01;2021-01-12 00:05:01;;2021-01-12 00:05:01;;;;;SUBMITTED;
5ffce8150a7214ad4e0030a3;59c124bae4b0299e55b0f330;;;2021-01-12 00:06:44;2021-01-12 00:06:44;;2021-01-12 00:06:44;;;;;SUBMITTED;
5ffe20290a720f05ac004a84;59c124bae4b0299e55b0f330;;;2021-01-12 22:18:17;2021-01-12 22:18:17;2021-01-12 22:18:17;2021-01-12 22:18:17;;;2021-01-12 00:00:00;;PENDING;28.57
5ffe1c520a7214ad2800245c;59c124bae4b0299e55b0f330;;;2021-01-12 22:01:54;2021-01-12 22:01:54;2021-01-12 22:01:54;2021-01-12 22:01:54;;;2021-01-12 00:00:00;;PENDING;28.57
5ffe1b630a7214ad28001c79;59c124bae4b0299e55b0f330;;;2021-01-12 21:57:55;2021-01-12 21:57:55;2021-01-12 21:57:55;2021-01-12 21:57:55;;;2021-01-12 00:00:00;;PENDING;28.57
5ffce8250a720f0515003510;59c124bae4b0299e55b0f330;;;2021-01-12 00:07:01;2021-01-12 00:07:01;;2021-01-12 00:07:01;;;;;SUBMITTED;
5ffe1fa40a7214ad2800427f;59c124bae4b0299e55b0f330;;;2021-01-12 22:16:04;2021-01-12 22:16:04;2021-01-12 22:16:04;2021-01-12 22:16:04;;;2021-01-12 00:00:00;;PENDING;28.57
5ffce78c0a7214ad4e001045;59c124bae4b0299e55b0f330;;;2021-01-12 00:04:27;2021-01-12 00:04:27;;2021-01-12 00:04:27;;;;;SUBMITTED;
5ffe23cf0a720f05ac006cc2;59c124bae4b0299e55b0f330;;;2021-01-12 22:33:51;2021-01-12 22:33:51;2021-01-12 22:33:51;2021-01-12 22:33:51;;;2021-01-12 00:00:00;;PENDING;28.57
5ffcef570a720f0515004e91;59c124bae4b0299e55b0f330;;;2021-01-12 00:37:43;2021-01-12 00:37:43;2021-01-12 00:37:43;2021-01-12 00:37:43;;;2021-01-12 00:00:00;;PENDING;28.57
5ffce8000a7214ad4e002b57;59c124bae4b0299e55b0f330;;;2021-01-12 00:06:22;2021-01-12 00:06:22;;2021-01-12 00:06:22;;;;;SUBMITTED;
5fff26c20a7214ad4c00000a;5fff26bfb3348b03eb45bb32;5;All-receipts receipt bonus;2021-01-13 16:58:42;2021-01-13 16:58:42;2021-01-13 16:58:43;2021-01-13 16:58:48;2021-01-13 16:58:43;5.0;2021-01-13 00:00:00;2;FINISHED;29.00
5fff0f630a7214ad28006e2d;5fff0f4fb3348b03eb45abb0;5;All-receipts receipt bonus;2021-01-13 15:18:59;2021-01-13 15:18:59;2021-01-13 15:19:00;2021-01-13 15:19:00;2021-01-13 15:19:00;55.0;2021-01-13 15:18:59;1;FINISHED;0.99
5fff56370a720f05f3000033;54943462e4b07e684157a532;45;COMPLETE_PARTNER_RECEIPT;2021-01-13 20:21:11;2021-01-13 20:21:11;2021-01-13 20:21:12;2021-01-13 20:21:12;2021-01-13 20:21:12;50.0;2021-01-12 20:21:11;1;FINISHED;1.00
5fff4ca00a7214ad4c000029;5fff4beedf9ace121f0c17ea;;;2021-01-13 19:40:16;2021-01-13 19:40:16;2021-01-13 19:40:17;2021-01-13 19:40:17;2021-01-13 19:40:17;800.0;2021-01-12 19:40:16;9;FINISHED;89.91
5fff26ee0a720f05f300001a;5fff2698b3348b03eb45bb10;25;COMPLETE_NONPARTNER_RECEIPT;2021-01-13 16:59:26;2021-01-13 16:59:26;2021-01-13 16:59:26;2021-01-13 16:59:26;2021-01-13 16:59:26;25.0;2021-02-13 16:59:26;1;FINISHED;1.00
5fff4c910a720f05f3000026;5fff4beedf9ace121f0c17ea;;;2021-01-13 19:40:01;2021-01-13 19:40:01;2021-01-13 19:40:02;2021-01-13 19:40:02;2021-01-13 19:40:02;250.0;2020-12-30 00:00:00;5;FINISHED;49.95
5ffe17e20a720f05ac0000e7;5ffe115404929101d0aaebb2;750;Receipt number 1 completed, bonus point schedule DEFAULT (5cefdcacf3693e0b50e83a36);2021-01-12 21:42:58;2021-01-12 21:42:58;;2021-01-13 16:00:54;;750.0;2021-01-12 00:00:00;1;REJECTED;2.29
5fff561b0a720f05f300002e;5fff561abd4dff11dda8fa2b;750;Receipt number 1 completed, bonus point schedule DEFAULT (5cefdcacf3693e0b50e83a36);2021-01-13 20:20:43;2021-01-13 20:20:43;2021-01-13 20:20:45;2021-01-13 20:20:45;2021-01-13 20:20:45;1750.0;2021-01-13 20:20:43;1;FINISHED;10.00
5fff26fd0a720f05f300001d;5fff2698b3348b03eb45bb10;5;All-receipts receipt bonus;2021-01-13 16:59:41;2021-01-13 16:59:41;;2021-01-13 16:59:41;2021-01-13 16:59:41;2005.0;2021-01-12 16:59:41;1;FLAGGED;1.00
5fff26fb0a7214ad4c000019;5fff2698b3348b03eb45bb10;25;COMPLETE_NONPARTNER_RECEIPT;2021-01-13 16:59:39;2021-01-13 16:59:39;2021-01-13 16:59:41;2021-01-13 16:59:45;2021-01-13 16:59:41;35.0;2021-01-12 16:59:39;1;FINISHED;1.00
5fff564a0a7214ad4c000030;5fff55dabd4dff11dda8f5f1;45;COMPLETE_PARTNER_RECEIPT;2021-01-13 20:21:30;2021-01-13 20:21:30;2021-01-13 20:21:30;2021-01-13 20:21:30;2021-01-13 20:21:30;50.0;2021-01-12 20:21:30;1;FINISHED;1.00
5fff4c8e0a720f05f3000025;5fff4beedf9ace121f0c17ea;45;COMPLETE_PARTNER_RECEIPT;2021-01-13 19:39:58;2021-01-13 19:39:58;2021-01-13 19:39:58;2021-01-13 19:39:58;2021-01-13 19:39:58;50.0;2021-01-12 19:39:58;1;FINISHED;1.00
5fff4c810a720f05f3000023;5fff4beedf9ace121f0c17ea;250;Receipt number 3 completed, bonus point schedule DEFAULT (5cefdcacf3693e0b50e83a36);2021-01-13 19:39:45;2021-01-13 19:39:45;2021-01-13 19:39:46;2021-01-13 19:39:46;2021-01-13 19:39:46;250.0;2021-01-12 19:39:45;1;FINISHED;10.00
5fff4c8a0a7214ad4c000025;5fff4beedf9ace121f0c17ea;5;All-receipts receipt bonus;2021-01-13 19:39:54;2021-01-13 19:39:54;2021-01-13 19:39:55;2021-01-13 19:39:55;2021-01-13 19:39:55;5.0;2021-01-10 06:00:00;5;FINISHED;49.95
5fff4c8c0a7214ad4c000026;5fff4beedf9ace121f0c17ea;5;All-receipts receipt bonus;2021-01-13 19:39:56;2021-01-13 19:39:56;2021-01-13 19:39:57;2021-01-13 19:39:57;2021-01-13 19:39:57;5.0;2021-01-02 06:00:00;5;FINISHED;49.95
5fff564d0a720f05f3000038;5fff55dabd4dff11dda8f5f1;;;2021-01-13 20:21:33;2021-01-13 20:21:33;2021-01-13 20:21:33;2021-01-13 20:21:33;2021-01-13 20:21:33;250.0;2021-01-10 06:00:00;5;FINISHED;49.95
5fff26cb0a7214ad4c00000e;5fff2698b3348b03eb45bb10;150;Receipt number 5 completed, bonus point schedule DEFAULT (5cefdcacf3693e0b50e83a36);2021-01-13 16:58:51;2021-01-13 16:58:51;2021-01-13 16:58:53;2021-01-13 16:58:53;2021-01-13 16:58:53;295.0;2021-01-12 16:58:51;2;FINISHED;2.00
5fff4ca90a720f05f300002a;5fff4beedf9ace121f0c17ea;45;COMPLETE_PARTNER_RECEIPT;2021-01-13 19:40:25;2021-01-13 19:40:25;2021-01-13 19:40:26;2021-01-13 19:40:26;2021-01-13 19:40:26;100.0;2021-01-13 19:40:25;1;FINISHED;0.99
5fff0f8c0a7214ad28006e32;5fff0f4fb3348b03eb45abb0;5;All-receipts receipt bonus;2021-01-13 15:19:40;2021-01-13 15:19:40;2021-01-13 15:19:40;2021-01-13 15:19:40;2021-01-13 15:19:40;305.0;2021-01-12 15:19:40;1;FINISHED;1.00
5fff26990a720f05f300000b;5fff2698b3348b03eb45bb10;750;Receipt number 1 completed, bonus point schedule DEFAULT (5cefdcacf3693e0b50e83a36);2021-01-13 16:58:01;2021-01-13 16:58:01;2021-01-13 17:13:04;2021-01-13 17:13:04;2021-01-13 16:58:04;750.0;2021-01-12 00:00:00;5;FINISHED;50.00
5fff26c40a720f05f3000014;5fff26bfb3348b03eb45bb32;5;All-receipts receipt bonus;2021-01-13 16:58:44;2021-01-13 16:58:44;2021-01-13 16:58:45;2021-01-13 16:58:49;2021-01-13 16:58:45;5.0;2021-01-13 00:00:00;3;FINISHED;22.00
5fff26d70a7214ad4c00000f;5fff2698b3348b03eb45bb10;5;All-receipts receipt bonus;2021-01-13 16:59:03;2021-01-13 16:59:03;2021-01-13 16:59:09;2021-01-13 16:59:09;2021-01-13 16:59:03;5.0;2021-01-12 16:59:03;2;FINISHED;1.00
5fff26c60a7214ad4c00000c;5fff26bfb3348b03eb45bb32;5;All-receipts receipt bonus;2021-01-13 16:58:46;2021-01-13 16:58:46;2021-01-13 16:58:46;2021-01-13 16:58:51;2021-01-13 16:58:46;5.0;2021-01-13 00:00:00;1;FINISHED;22.00
5fff0f990a7214ad28006e36;54943462e4b07e684157a532;45;COMPLETE_PARTNER_RECEIPT;2021-01-13 15:19:53;2021-01-13 15:19:53;2021-01-13 15:19:55;2021-01-13 15:19:55;2021-01-13 15:19:55;50.0;2021-01-12 15:19:53;1;FINISHED;1.00
5fff566e0a720f05f300003f;5fff55dabd4dff11dda8f5f1;5;All-receipts receipt bonus;2021-01-13 20:22:06;2021-01-13 20:22:06;2021-01-13 20:22:06;2021-01-13 20:22:06;2021-01-13 20:22:06;5.0;2021-01-08 06:00:00;5;FINISHED;49.95
5fff26f10a7214ad4c000018;5fff2698b3348b03eb45bb10;;;2021-01-13 16:59:29;2021-01-13 16:59:29;;2021-01-13 16:59:29;;8700.0;2021-02-13 16:59:29;10;FLAGGED;290.00
5fff4c710a7214ad4c00001d;54943462e4b07e684157a532;5;All-receipts receipt bonus;2021-01-13 19:39:29;2021-01-13 19:39:29;2021-01-13 19:39:31;2021-01-13 19:39:31;2021-01-13 19:39:31;5.0;2020-12-31 19:39:29;1;FINISHED;1.00
5fff562e0a720f05f300002f;54943462e4b07e684157a532;5;All-receipts receipt bonus;2021-01-13 20:21:02;2021-01-13 20:21:02;2021-01-13 20:21:03;2021-01-13 20:21:03;2021-01-13 20:21:03;5.0;2020-12-31 20:21:02;1;FINISHED;1.00
5fff4c960a720f05f3000027;5fff4beedf9ace121f0c17ea;;;2021-01-13 19:40:06;2021-01-13 19:40:06;2021-01-13 19:40:07;2021-01-13 19:40:07;2021-01-13 19:40:07;91.2;2021-01-12 19:40:06;4;FINISHED;18.20
5fff4c7d0a720f05f3000022;5fff4c7d61ffa811fdb0856f;750;Receipt number 1 completed, bonus point schedule DEFAULT (5cefdcacf3693e0b50e83a36);2021-01-13 19:39:41;2021-01-13 19:39:41;2021-01-13 19:39:42;2021-01-13 19:39:42;2021-01-13 19:39:42;750.0;2021-01-12 19:39:41;1;FINISHED;1.00
6000b8770a720f05f3000069;54943462e4b07e684157a532;5;All-receipts receipt bonus;2021-01-14 21:32:39;2021-01-14 21:32:39;2021-01-14 21:32:41;2021-01-14 21:32:41;2021-01-14 21:32:41;5.0;2021-01-01 21:32:39;1;FINISHED;1.00
6000d4b10a720f05f3000076;6000d4abe2571211db395b5c;5;All-receipts receipt bonus;2021-01-14 23:33:05;2021-01-14 23:33:05;2021-01-14 23:33:05;2021-01-14 23:33:10;2021-01-14 23:33:05;5.0;2021-01-14 00:00:00;3;FINISHED;21.00
6000b8840a720f05f300006c;6000b884fb296c121a81ad3b;750;Receipt number 1 completed, bonus point schedule DEFAULT (5cefdcacf3693e0b50e83a36);2021-01-14 21:32:52;2021-01-14 21:32:52;2021-01-14 21:32:52;2021-01-14 21:32:52;2021-01-14 21:32:52;750.0;2021-01-13 21:32:52;1;FINISHED;1.00
6000b8280a720f05f3000061;6000b7aefb296c121a8198b1;5;All-receipts receipt bonus;2021-01-14 21:31:20;2021-01-14 21:31:20;2021-01-14 21:31:21;2021-01-14 21:31:21;2021-01-14 21:31:21;5.0;2021-01-11 06:00:00;5;FINISHED;49.95
6000b8810a7214ad4c00005e;54943462e4b07e684157a532;45;COMPLETE_PARTNER_RECEIPT;2021-01-14 21:32:49;2021-01-14 21:32:49;2021-01-14 21:32:50;2021-01-14 21:32:50;2021-01-14 21:32:50;50.0;2021-01-13 21:32:49;1;FINISHED;1.00
6000d48d0a7214ad4c000063;6000d46cfb296c121a81b20c;500;Receipt number 2 completed, bonus point schedule DEFAULT (5cefdcacf3693e0b50e83a36);2021-01-14 23:32:29;2021-01-14 23:32:29;2021-01-14 23:47:31;2021-01-14 23:47:31;2021-01-14 23:32:31;500.0;2021-01-13 00:00:00;5;FINISHED;50.00
6000d4b00a7214ad4c00006c;6000d4abe2571211db395b5c;5;All-receipts receipt bonus;2021-01-14 23:33:04;2021-01-14 23:33:04;2021-01-14 23:33:04;2021-01-14 23:33:09;2021-01-14 23:33:04;5.0;2021-01-14 00:00:00;1;FINISHED;20.00
6000d4d30a720f05f3000081;6000d46cfb296c121a81b20c;;;2021-01-14 23:33:39;2021-01-14 23:33:39;;2021-01-14 23:33:39;;;2017-10-30 00:00:00;3;REJECTED;3.00
6000b87d0a7214ad4c00005d;54943462e4b07e684157a532;5;All-receipts receipt bonus;2021-01-14 21:32:45;2021-01-14 21:32:45;2021-01-14 21:32:46;2021-01-14 21:32:46;2021-01-14 21:32:46;5.0;2021-01-13 21:32:45;1;FINISHED;1.00
6000b2be0a7214ad4c00004d;5e27526d0bdb6a138c32b556;150;Receipt number 5 completed, bonus point schedule DEFAULT (5cefdcacf3693e0b50e83a36);2021-01-14 21:08:14;2021-01-14 21:08:14;2021-01-14 21:08:22;2021-01-14 21:36:44;2021-01-14 21:08:22;682.4;2021-01-14 00:00:00;21;FINISHED;84.78
6000c8460a720f05f300006f;5e27526d0bdb6a138c32b556;;;2021-01-14 22:40:06;2021-01-14 22:40:06;2021-01-14 22:40:15;2021-01-14 22:40:17;2021-01-14 22:40:15;837.4;2021-01-14 00:00:00;21;FINISHED;101.75
6000d4ae0a720f05f3000075;6000d4abe2571211db395b5c;100;Receipt number 6 completed, bonus point schedule DEFAULT (5cefdcacf3693e0b50e83a36);2021-01-14 23:33:02;2021-01-14 23:33:02;2021-01-14 23:33:03;2021-01-14 23:33:08;2021-01-14 23:33:03;100.0;2021-01-14 00:00:00;4;FINISHED;20.00
6000d4aa0a720f05f3000072;6000d4aafb296c121a81b27e;;;2021-01-14 23:32:58;2021-01-14 23:32:58;;2021-01-14 23:32:58;;;;0;FLAGGED;0.00
6000b9b70a720f05f300006d;5e27526d0bdb6a138c32b556;;;2021-01-14 21:37:59;2021-01-14 21:37:59;2021-01-14 21:38:06;2021-01-14 21:38:09;2021-01-14 21:38:06;237.8;2021-01-14 00:00:00;21;FINISHED;90.36
600056de0a720f05f3000049;600056a3f7e5b011fce897b0;25;COMPLETE_NONPARTNER_RECEIPT;2021-01-14 14:36:14;2021-01-14 14:36:14;2021-01-14 14:36:15;2021-01-14 14:36:15;2021-01-14 14:36:15;160.0;2021-01-13 14:36:14;2;FINISHED;2.00
6000b82f0a720f05f3000063;6000b7aefb296c121a8198b1;;;2021-01-14 21:31:27;2021-01-14 21:31:27;2021-01-14 21:31:27;2021-01-14 21:31:27;2021-01-14 21:31:27;250.0;2021-01-09 06:00:00;5;FINISHED;49.95
6000accd0a7214ad4c00004b;5a43c08fe4b014fd6b6a0612;;;2021-01-14 20:42:51.381000;2021-01-14 20:42:51.381000;;2021-01-14 20:42:51.381000;;;;;SUBMITTED;
6000d4810a720f05f3000070;6000d46cfb296c121a81b20c;750;Receipt number 1 completed, bonus point schedule DEFAULT (5cefdcacf3693e0b50e83a36);2021-01-14 23:32:17;2021-01-14 23:32:17;2021-01-14 23:32:20;2021-01-14 23:32:25;2021-01-14 23:32:18;750.0;2021-01-13 23:32:17;2;FINISHED;11.00
600057040a7214ad4c000041;60005704bd4dff11dda90a9d;750;Receipt number 1 completed, bonus point schedule DEFAULT (5cefdcacf3693e0b50e83a36);2021-01-14 14:36:52;2021-01-14 14:36:52;2021-01-14 14:36:53;2021-01-14 14:36:57;2021-01-14 14:36:53;750.0;2021-01-14 00:00:00;6;FINISHED;25.00
6000d4b50a720f05f3000078;6000d4b5fb296c121a81b2bd;5;All-receipts receipt bonus;2021-01-14 23:33:09;2021-01-14 23:33:09;;2021-01-14 23:33:14;;5;2021-01-14 00:00:00;1;REJECTED;10.00
6000d4ba0a720f05f300007a;6000d4bae2571211db395b9f;750;Receipt number 1 completed, bonus point schedule DEFAULT (5cefdcacf3693e0b50e83a36);2021-01-14 23:33:14;2021-01-14 23:33:14;;2021-01-14 23:33:15;2021-01-14 23:33:15;750.0;2021-01-13 23:33:14;1;FLAGGED;1.00
6000c74b0a7214ad4c000060;5a43c08fe4b014fd6b6a0612;;;2021-01-14 22:35:53.595000;2021-01-14 22:35:53.596000;;2021-01-14 22:35:53.596000;;;;;SUBMITTED;
600056d60a720f05f3000047;600056d6bd4dff11dda90a3f;750;Receipt number 1 completed, bonus point schedule DEFAULT (5cefdcacf3693e0b50e83a36);2021-01-14 14:36:06;2021-01-14 14:36:06;;2021-01-14 14:36:08;2021-01-14 14:36:08;810.0;2021-01-13 14:36:06;5;FLAGGED;13.00
6000d4900a7214ad4c000064;6000d46cfb296c121a81b20c;250;Receipt number 3 completed, bonus point schedule DEFAULT (5cefdcacf3693e0b50e83a36);2021-01-14 23:32:32;2021-01-14 23:32:32;2021-01-14 23:32:33;2021-01-14 23:32:33;2021-01-14 23:32:33;350.0;2021-01-07 00:00:00;1;FINISHED;10.00
6000d4bc0a7214ad4c000070;6000d46cfb296c121a81b20c;;;2021-01-14 23:33:16;2021-01-14 23:33:16;;2021-01-14 23:33:17;;8700.0;2021-02-14 23:33:17;10;FLAGGED;290.00
600082b40a720f05f3000058;5e56d38507a0df22a15dfc85;;;2021-01-14 17:43:16;2021-01-14 17:43:16;;2021-01-14 17:46:31;;;2021-01-14 00:00:00;4;REJECTED;4.00
6000d4ac0a7214ad4c000069;6000d4abe2571211db395b5c;250;Receipt number 3 completed, bonus point schedule DEFAULT (5cefdcacf3693e0b50e83a36);2021-01-14 23:33:00;2021-01-14 23:33:00;2021-01-14 23:33:01;2021-01-14 23:33:05;2021-01-14 23:33:01;250.0;2021-01-14 00:00:00;3;FINISHED;23.00
600056da0a720f05f3000048;600056a3f7e5b011fce897b0;5;All-receipts receipt bonus;2021-01-14 14:36:10;2021-01-14 14:36:10;2021-01-14 14:36:11;2021-01-14 14:36:16;2021-01-14 14:36:10;5.0;2021-01-13 14:36:10;2;FINISHED;11.00
6000b8590a7214ad4c000057;6000b7aefb296c121a8198b1;5;All-receipts receipt bonus;2021-01-14 21:32:09;2021-01-14 21:32:09;2021-01-14 21:32:10;2021-01-14 21:32:10;2021-01-14 21:32:10;5.0;2021-01-13 21:32:09;4;FINISHED;18.20
600056ea0a720f05f300004b;600056a3f7e5b011fce897b0;25;COMPLETE_NONPARTNER_RECEIPT;2021-01-14 14:36:26;2021-01-14 14:36:26;;2021-01-14 14:36:26;;25.0;2021-01-13 14:36:26;1;FLAGGED;1.00
600205f60a7214ad4c00007b;6000b75bbe5fc96dfee1d4d3;;;2021-01-15 21:15:32.787000;2021-01-15 21:15:32.787000;;2021-01-15 21:15:32.787000;;;;;SUBMITTED;
600206000a720f05f3000087;6000b75bbe5fc96dfee1d4d3;750;Receipt number 1 completed, bonus point schedule DEFAULT (5cefdcacf3693e0b50e83a36);2021-01-15 21:15:44;2021-01-15 21:15:44;2021-01-15 21:17:17;2021-01-15 21:17:27;2021-01-15 21:17:17;855.7;2021-01-09 00:00:00;86;FINISHED;271.63
6001bb110a720f05f3000085;6000b75bbe5fc96dfee1d4d3;;;2021-01-15 15:56:01.788000;2021-01-15 15:56:01.788000;;2021-01-15 15:56:01.788000;;;;;SUBMITTED;
600208270a720f05f3000088;6000b75bbe5fc96dfee1d4d3;500;Receipt number 2 completed, bonus point schedule DEFAULT (5cefdcacf3693e0b50e83a36);2021-01-15 21:24:55;2021-01-15 21:24:55;2021-01-15 21:26:19;2021-01-15 21:26:29;2021-01-15 21:26:19;605.7;2021-01-09 00:00:00;103;FINISHED;427.81
6001e3a80a7214ad4c000078;5a43c08fe4b014fd6b6a0612;;;2021-01-15 18:49:10.344000;2021-01-15 18:49:10.344000;;2021-01-15 18:49:10.344000;;;;;SUBMITTED;
600373700a720f05f3000091;60037329e257124ec6b99eeb;750;Receipt number 1 completed, bonus point schedule DEFAULT (5cefdcacf3693e0b50e83a36);2021-01-16 23:14:56;2021-01-16 23:14:56;2021-01-16 23:29:50;2021-01-16 23:31:40;2021-01-16 23:29:50;2416.7;2021-01-16 00:00:00;211;FINISHED;803.48
60023e8f0a720f05f300008b;60023de5fb296c121a81b955;750;Receipt number 1 completed, bonus point schedule DEFAULT (5cefdcacf3693e0b50e83a36);2021-01-16 01:17:03;2021-01-16 01:17:03;2021-01-16 01:24:04;2021-01-16 01:24:50;2021-01-16 01:24:04;1806.4;2021-01-05 00:00:00;202;FINISHED;776.79
600247cd0a7214ad4c00007e;6002475cfb296c121a81b98d;;;2021-01-16 01:56:29.008000;2021-01-16 01:56:29.008000;;2021-01-16 01:56:29.008000;;;;;SUBMITTED;
60025eb70a720f05f300008e;60025c65fb296c4ef805d9e6;;;2021-01-16 03:34:15.941000;2021-01-16 03:34:15.941000;;2021-01-16 03:34:15.941000;;;;;SUBMITTED;
60020d2a0a720f05f300008a;6000b75bbe5fc96dfee1d4d3;300;Receipt number 4 completed, bonus point schedule DEFAULT (5cefdcacf3693e0b50e83a36);2021-01-15 21:46:18;2021-01-15 21:46:18;2021-01-15 21:49:45;2021-01-16 01:13:21;2021-01-15 21:49:45;405.7;2021-01-09 00:00:00;93;FINISHED;373.55
6002590c0a7214ad4c000082;600258dafb296c4ef805d9b7;750;Receipt number 1 completed, bonus point schedule DEFAULT (5cefdcacf3693e0b50e83a36);2021-01-16 03:10:04;2021-01-16 03:10:04;2021-01-16 03:18:55;2021-01-16 03:19:12;2021-01-16 03:18:55;1516.9;2021-01-14 00:00:00;208;FINISHED;746.94
600254550a720f05f300008c;6002541ae257124ec6b99a3a;;;2021-01-16 02:49:57.711000;2021-01-16 02:49:57.711000;;2021-01-16 02:49:57.711000;;;;;SUBMITTED;
60024fa00a7214ad4c00007f;60024f24e257124ec6b99a13;;;2021-01-16 02:29:52.583000;2021-01-16 02:29:52.583000;;2021-01-16 02:29:52.583000;;;;;SUBMITTED;
60025f550a7214ad4c000084;60025c65fb296c4ef805d9e6;;;2021-01-16 03:36:53.488000;2021-01-16 03:36:53.488000;;2021-01-16 03:36:53.488000;;;;;SUBMITTED;
60025cb80a720f05f300008d;60025c65fb296c4ef805d9e6;750;Receipt number 1 completed, bonus point schedule DEFAULT (5cefdcacf3693e0b50e83a36);2021-01-16 03:25:44;2021-01-16 03:25:44;2021-01-16 03:31:55;2021-01-16 03:32:05;2021-01-16 03:31:55;1658.3;2021-01-15 00:00:00;335;FINISHED;1177.84
600370250a720f05f3000090;60037005e257124ec6b99ec2;750;Receipt number 1 completed, bonus point schedule DEFAULT (5cefdcacf3693e0b50e83a36);2021-01-16 23:00:53;2021-01-16 23:00:53;2021-01-16 23:09:03;2021-01-16 23:09:29;2021-01-16 23:09:03;2685.8;2021-01-16 00:00:00;240;FINISHED;850.49
6002584e0a7214ad4c000081;6002541ae257124ec6b99a3a;750;Receipt number 1 completed, bonus point schedule DEFAULT (5cefdcacf3693e0b50e83a36);2021-01-16 03:06:54;2021-01-16 03:06:54;2021-01-16 03:07:00;2021-01-16 03:07:05;2021-01-16 03:07:00;879.1;2021-01-15 00:00:00;6;FINISHED;30.65
60020af60a720f05f3000089;6000b75bbe5fc96dfee1d4d3;250;Receipt number 3 completed, bonus point schedule DEFAULT (5cefdcacf3693e0b50e83a36);2021-01-15 21:36:54;2021-01-15 21:36:54;2021-01-15 21:43:05;2021-01-16 01:13:21;2021-01-15 21:43:05;250.0;2021-01-15 00:00:00;1;FINISHED;3.99
600260210a720f05f300008f;60025fe0e257124ec6b99a87;750;Receipt number 1 completed, bonus point schedule DEFAULT (5cefdcacf3693e0b50e83a36);2021-01-16 03:40:17;2021-01-16 03:40:17;2021-01-16 03:47:26;2021-01-16 03:47:31;2021-01-16 03:47:26;3659.4;2021-01-15 00:00:00;309;FINISHED;1043.18
600498e60a720f05f3000093;600498c4e257124ec6b9a331;;;2021-01-17 20:07:02.166000;2021-01-17 20:07:02.166000;;2021-01-17 20:07:02.166000;;;;;SUBMITTED;
60037b500a7214ad4c000086;60037a94fb296c4ef805ddbe;750;Receipt number 1 completed, bonus point schedule DEFAULT (5cefdcacf3693e0b50e83a36);2021-01-16 23:48:32;2021-01-16 23:48:32;2021-01-17 00:03:15;2021-01-17 00:04:22;2021-01-17 00:03:15;934.4;2021-01-16 00:00:00;39;FINISHED;118.05
6004a5f20a7214ad4c000088;6004a5d3fb296c4ef805e256;750;Receipt number 1 completed, bonus point schedule DEFAULT (5cefdcacf3693e0b50e83a36);2021-01-17 21:02:42;2021-01-17 21:02:42;2021-01-17 21:09:44;2021-01-17 21:14:15;2021-01-17 21:09:44;877.7;2021-01-09 00:00:00;164;FINISHED;574.16
600496350a7214ad4c000087;600495c3fb296c4ef805e1fc;;;2021-01-17 19:55:33.568000;2021-01-17 19:55:33.568000;;2021-01-17 19:55:33.568000;;;;;SUBMITTED;
60048e120a720f05f3000092;5fa32b4d898c7a11a6bcebce;;;2021-01-17 19:20:50.431000;2021-01-17 19:20:50.431000;;2021-01-17 19:20:50.431000;;;;;SUBMITTED;
60049d9d0a720f05f3000094;60049cdce257124ec6b9a353;750;Receipt number 1 completed, bonus point schedule DEFAULT (5cefdcacf3693e0b50e83a36);2021-01-17 20:27:09;2021-01-17 20:27:09;2021-01-17 20:40:36;2021-01-17 20:41:17;2021-01-17 20:40:36;922.1;2021-01-01 00:00:00;212;FINISHED;743.79
6005ee0e0a7214ad4c000089;5fb0a078be5fc9775c1f3945;750;Receipt number 1 completed, bonus point schedule DEFAULT (5cefdcacf3693e0b50e83a36);2021-01-18 20:22:36;2021-01-18 20:22:36;;2021-01-18 20:23:09;;800.0;2021-01-17 00:00:00;2;FLAGGED;10.00
6005b60f0a720f05f3000096;5a43c08fe4b014fd6b6a0612;;;2021-01-18 16:23:41.857000;2021-01-18 16:23:41.857000;;2021-01-18 16:23:41.857000;;;;;SUBMITTED;
6004a99e0a720f05f3000095;6004a965e257124ec6b9a39f;750;Receipt number 1 completed, bonus point schedule DEFAULT (5cefdcacf3693e0b50e83a36);2021-01-17 21:18:21;2021-01-17 21:18:21;2021-01-17 21:26:38;2021-01-18 15:01:00;2021-01-17 21:26:38;1541.8;2021-01-09 00:00:00;167;FINISHED;574.65
6005f5450a720f05f3000097;5a43c08fe4b014fd6b6a0612;;;2021-01-18 20:53:23.747000;2021-01-18 20:53:23.747000;;2021-01-18 20:53:23.747000;;;;;SUBMITTED;
6001f2470a7214ad4c00007a;5fb0a078be5fc9775c1f3945;750;Receipt number 1 completed, bonus point schedule DEFAULT (5cefdcacf3693e0b50e83a36);2021-01-15 19:51:35;2021-01-15 19:51:35;2021-01-18 20:26:54;2021-01-18 20:27:06;2021-01-18 20:26:54;750.0;2021-01-13 00:00:00;1;FINISHED;1.00
60074bbf0a720f05fa000039;60074b49325c8a1794623876;5;All-receipts receipt bonus;2021-01-19 21:14:39;2021-01-19 21:14:39;2021-01-19 21:14:40;2021-01-19 21:14:40;2021-01-19 21:14:40;5.0;2021-01-18 21:14:39;1;FINISHED;10.00
600741fe0a7214ad89000001;600741d06e6469120a787853;750;Receipt number 1 completed, bonus point schedule DEFAULT (5cefdcacf3693e0b50e83a36);2021-01-19 20:33:02;2021-01-19 20:33:02;2021-01-19 20:33:06;2021-01-19 20:33:06;2021-01-19 20:33:06;1000.0;2021-01-14 06:00:00;5;FINISHED;49.95
60074b8b0a7214ad89000029;60074b49325c8a1794623876;5;All-receipts receipt bonus;2021-01-19 21:13:47;2021-01-19 21:13:47;2021-01-19 21:13:47;2021-01-19 21:13:47;2021-01-19 21:13:47;5.0;2021-01-18 21:13:47;4;FINISHED;4.66
6007423c0a720f05fa000001;6007423b6e6469120a787c2c;750;Receipt number 1 completed, bonus point schedule DEFAULT (5cefdcacf3693e0b50e83a36);2021-01-19 20:34:04;2021-01-19 20:34:04;2021-01-19 20:34:05;2021-01-19 20:34:05;2021-01-19 20:34:05;755.0;2021-01-18 20:34:04;1;FINISHED;1.00
600748640a720f05fa000026;600748196e64691717e8d4f0;;;2021-01-19 21:00:20;2021-01-19 21:00:20;2021-01-19 21:00:20;2021-01-19 21:00:20;2021-01-19 21:00:20;350.0;2021-01-19 21:00:20;1;FINISHED;9.99
60074bbd0a7214ad89000031;60074b49325c8a1794623876;;;2021-01-19 21:14:37;2021-01-19 21:14:37;2021-01-19 21:14:37;2021-01-19 21:14:37;2021-01-19 21:14:37;125.0;2021-01-16 06:00:00;5;FINISHED;25.00
600746ce0a720f05fa000017;6007464b6e64691717e8c1f0;45;COMPLETE_PARTNER_RECEIPT;2021-01-19 20:53:34;2021-01-19 20:53:34;2021-01-19 20:53:35;2021-01-19 20:53:35;2021-01-19 20:53:35;50.0;2021-01-18 20:53:34;1;FINISHED;1.00
6007425e0a720f05fa00000a;600741d06e6469120a787853;5;All-receipts receipt bonus;2021-01-19 20:34:38;2021-01-19 20:34:38;2021-01-19 20:34:39;2021-01-19 20:34:39;2021-01-19 20:34:39;5.0;2021-01-18 20:34:38;1;FINISHED;1.00
60074b930a7214ad8900002d;54943462e4b07e684157a532;45;COMPLETE_PARTNER_RECEIPT;2021-01-19 21:13:55;2021-01-19 21:13:55;2021-01-19 21:13:56;2021-01-19 21:13:56;2021-01-19 21:13:56;50.0;2021-01-18 21:13:55;1;FINISHED;1.00
600746fb0a7214ad8900001b;54943462e4b07e684157a532;45;COMPLETE_PARTNER_RECEIPT;2021-01-19 20:54:19;2021-01-19 20:54:19;2021-01-19 20:54:20;2021-01-19 20:54:20;2021-01-19 20:54:20;50.0;2021-01-18 20:54:19;1;FINISHED;1.00
600742490a720f05fa000004;600741d06e6469120a787853;250;Receipt number 3 completed, bonus point schedule DEFAULT (5cefdcacf3693e0b50e83a36);2021-01-19 20:34:17;2021-01-19 20:34:17;2021-01-19 20:34:18;2021-01-19 20:34:18;2021-01-19 20:34:18;250.0;2021-01-16 06:00:00;5;FINISHED;25.00
60074bcb0a7214ad89000037;60074b49325c8a1794623876;5;All-receipts receipt bonus;2021-01-19 21:14:51;2021-01-19 21:14:51;2021-01-19 21:14:51;2021-01-19 21:14:51;2021-01-19 21:14:51;5.0;2021-01-18 21:14:51;1;FINISHED;1.00
6007424d0a720f05fa000006;600741d06e6469120a787853;150;Receipt number 5 completed, bonus point schedule DEFAULT (5cefdcacf3693e0b50e83a36);2021-01-19 20:34:21;2021-01-19 20:34:21;2021-01-19 20:34:21;2021-01-19 20:34:21;2021-01-19 20:34:21;150.0;2021-01-18 20:34:21;1;FINISHED;10.00
60074b900a7214ad8900002b;54943462e4b07e684157a532;5;All-receipts receipt bonus;2021-01-19 21:13:52;2021-01-19 21:13:52;2021-01-19 21:13:53;2021-01-19 21:13:53;2021-01-19 21:13:53;5.0;2021-01-06 21:13:52;1;FINISHED;1.00
60074bcc0a7214ad89000038;60074b49325c8a1794623876;5;All-receipts receipt bonus;2021-01-19 21:14:52;2021-01-19 21:14:52;2021-01-19 21:14:53;2021-01-19 21:14:53;2021-01-19 21:14:53;5.0;2021-01-14 06:00:00;5;FINISHED;49.95
600746fd0a720f05fa00001f;600746fd6e64691717e8cfb5;750;Receipt number 1 completed, bonus point schedule DEFAULT (5cefdcacf3693e0b50e83a36);2021-01-19 20:54:21;2021-01-19 20:54:21;2021-01-19 20:54:21;2021-01-19 20:54:21;2021-01-19 20:54:21;755.0;2021-01-18 20:54:21;1;FINISHED;1.00
6006f2d10a7214ad4c00008b;6006f1c5e257127d5d9aedfb;500;Receipt number 2 completed, bonus point schedule DEFAULT (5cefdcacf3693e0b50e83a36);2021-01-19 14:55:13;2021-01-19 14:55:13;2021-01-19 14:55:29;2021-01-19 14:55:31;2021-01-19 14:55:29;574.4;2021-01-18 00:00:00;14;FINISHED;30.57
600746ea0a720f05fa00001b;6007464b6e64691717e8c1f0;27;COMPLETE_PARTNER_RECEIPT;2021-01-19 20:54:02;2021-01-19 20:54:02;2021-01-19 20:54:02;2021-01-19 20:54:02;2021-01-19 20:54:02;50.6;2021-01-18 20:54:02;4;FINISHED;4.66
600746d90a7214ad89000015;6007464b6e64691717e8c1f0;5;All-receipts receipt bonus;2021-01-19 20:53:45;2021-01-19 20:53:45;2021-01-19 20:53:45;2021-01-19 20:53:45;2021-01-19 20:53:45;5.0;2021-01-18 20:53:45;4;FINISHED;4.66
600746c60a7214ad89000011;6007464b6e64691717e8c1f0;5;All-receipts receipt bonus;2021-01-19 20:53:26;2021-01-19 20:53:26;2021-01-19 20:53:27;2021-01-19 20:53:27;2021-01-19 20:53:27;5.0;2021-01-03 20:53:26;1;FINISHED;1.00
600746cd0a7214ad89000013;6007464b6e64691717e8c1f0;5;All-receipts receipt bonus;2021-01-19 20:53:33;2021-01-19 20:53:33;2021-01-19 20:53:33;2021-01-19 20:53:33;2021-01-19 20:53:33;5.0;2021-01-08 06:00:00;5;FINISHED;49.95
600742420a720f05fa000003;54943462e4b07e684157a532;45;COMPLETE_PARTNER_RECEIPT;2021-01-19 20:34:10;2021-01-19 20:34:10;2021-01-19 20:34:11;2021-01-19 20:34:11;2021-01-19 20:34:11;50.0;2021-01-18 20:34:10;1;FINISHED;1.00
600746c90a7214ad89000012;6007464b6e64691717e8c1f0;5;All-receipts receipt bonus;2021-01-19 20:53:29;2021-01-19 20:53:29;2021-01-19 20:53:30;2021-01-19 20:53:30;2021-01-19 20:53:30;5.0;2021-01-16 06:00:00;5;FINISHED;49.95
600746c00a7214ad8900000f;6007464b6e64691717e8c1f0;300;Receipt number 4 completed, bonus point schedule DEFAULT (5cefdcacf3693e0b50e83a36);2021-01-19 20:53:20;2021-01-19 20:53:20;2021-01-19 20:53:20;2021-01-19 20:53:20;2021-01-19 20:53:20;300.0;2021-01-19 20:53:20;5;FINISHED;25.00
60074b8e0a7214ad8900002a;54943462e4b07e684157a532;5;All-receipts receipt bonus;2021-01-19 21:13:50;2021-01-19 21:13:50;2021-01-19 21:13:52;2021-01-19 21:13:52;2021-01-19 21:13:52;5.0;2021-01-06 21:13:50;1;FINISHED;1.00
60074b7d0a720f05fa000037;60074b49325c8a1794623876;300;Receipt number 4 completed, bonus point schedule DEFAULT (5cefdcacf3693e0b50e83a36);2021-01-19 21:13:33;2021-01-19 21:13:33;2021-01-19 21:13:34;2021-01-19 21:13:34;2021-01-19 21:13:34;300.0;2021-01-18 21:13:33;9;FINISHED;89.91
60074b9a0a7214ad89000030;60074b996e64691717e8f11a;750;Receipt number 1 completed, bonus point schedule DEFAULT (5cefdcacf3693e0b50e83a36);2021-01-19 21:14:02;2021-01-19 21:14:02;2021-01-19 21:14:02;2021-01-19 21:14:02;2021-01-19 21:14:02;750.0;2021-01-18 21:14:02;1;FINISHED;1.00
60074b960a7214ad8900002e;54943462e4b07e684157a532;5;All-receipts receipt bonus;2021-01-19 21:13:58;2021-01-19 21:13:58;2021-01-19 21:13:59;2021-01-19 21:13:59;2021-01-19 21:13:59;5.0;2021-01-18 21:13:58;1;FINISHED;1.00
600746e80a7214ad89000017;6007464b6e64691717e8c1f0;5;All-receipts receipt bonus;2021-01-19 20:54:00;2021-01-19 20:54:00;2021-01-19 20:54:01;2021-01-19 20:54:01;2021-01-19 20:54:01;5.0;2021-01-19 20:54:00;1;FINISHED;9.99
60074bc60a7214ad89000034;60074b49325c8a1794623876;5;All-receipts receipt bonus;2021-01-19 21:14:46;2021-01-19 21:14:46;2021-01-19 21:14:47;2021-01-19 21:14:47;2021-01-19 21:14:47;5.0;2021-01-16 06:00:00;5;FINISHED;49.95
60088a100a7214ad890000bd;6008896c633aab121bb8e11d;750;Receipt number 1 completed, bonus point schedule DEFAULT (5cefdcacf3693e0b50e83a36);2021-01-20 19:52:48;2021-01-20 19:52:48;2021-01-20 19:59:35;2021-01-20 20:00:38;2021-01-20 19:59:35;2055.5;2021-01-09 00:00:00;149;FINISHED;612.95
60088d5d0a7214ad890000ed;60088d5cb6310511daa4ee6f;750;Receipt number 1 completed, bonus point schedule DEFAULT (5cefdcacf3693e0b50e83a36);2021-01-20 20:06:53;2021-01-20 20:06:53;2021-01-20 20:06:53;2021-01-20 20:06:58;2021-01-20 20:06:53;5850.0;2021-01-20 00:00:00;1;FINISHED;21.00
600887560a720f05fa000098;6008873eb6310511daa4e8eb;250;Receipt number 3 completed, bonus point schedule DEFAULT (5cefdcacf3693e0b50e83a36);2021-01-20 19:41:10;2021-01-20 19:41:10;2021-01-20 19:41:11;2021-01-20 19:41:11;2021-01-20 19:41:11;250.0;2021-02-20 19:41:10;1;FINISHED;1.00
60088a4e0a720f05fa0000da;60088a46b6310511daa4ec97;5;All-receipts receipt bonus;2021-01-20 19:53:50;2021-01-20 19:53:50;2021-01-20 19:53:50;2021-01-20 19:53:55;2021-01-20 19:53:50;5.0;2021-01-20 00:00:00;1;FINISHED;20.00
60088e7f0a720f05fa00011e;54943462e4b07e684157a532;5;All-receipts receipt bonus;2021-01-20 20:11:43;2021-01-20 20:11:43;2021-01-20 20:11:45;2021-01-20 20:11:49;2021-01-20 20:11:44;5.0;2021-01-19 20:11:43;2;FINISHED;11.00
60083ab50a7214ad89000049;60083a1e325c8a17946255de;5;All-receipts receipt bonus;2021-01-20 14:14:13;2021-01-20 14:14:13;2021-01-20 14:14:13;2021-01-20 14:14:13;2021-01-20 14:14:13;5.0;2021-01-20 14:14:13;1;FINISHED;9.99
60088a460a720f05fa0000d5;60088a46b6310511daa4ec97;750;Receipt number 1 completed, bonus point schedule DEFAULT (5cefdcacf3693e0b50e83a36);2021-01-20 19:53:42;2021-01-20 19:53:42;2021-01-20 19:53:44;2021-01-20 19:53:48;2021-01-20 19:53:44;4850.0;2021-01-20 00:00:00;3;FINISHED;28.00
600841da0a7214ad89000051;6008412f6e64697abedcd5d5;150;Receipt number 5 completed, bonus point schedule DEFAULT (5cefdcacf3693e0b50e83a36);2021-01-20 14:44:42;2021-01-20 14:44:42;2021-01-20 14:44:43;2021-01-20 14:44:43;2021-01-20 14:44:43;173.6;2021-01-19 14:44:42;4;FINISHED;4.66
60085ba90a720f05fa00006a;60085b3dbe5fc90ee6a67b11;;;2021-01-20 16:34:49;2021-01-20 16:34:49;2021-01-20 16:34:50;2021-01-20 16:34:50;2021-01-20 16:34:50;250.0;2021-01-17 06:00:00;5;FINISHED;49.95
6008878f0a7214ad8900007b;6008873eb6310511daa4e8eb;;;2021-01-20 19:42:07;2021-01-20 19:42:07;;2021-01-20 19:42:13;;;2017-10-30 00:00:00;3;REJECTED;3.00
6008625b0a7214ad89000063;600861d3be5fc9247bab3e0c;;;2021-01-20 17:03:23;2021-01-20 17:03:23;2021-01-20 17:03:24;2021-01-20 17:03:24;2021-01-20 17:03:24;50.0;2021-01-19 17:03:23;1;FINISHED;9.99
60088d920a720f05fa000109;60088d55633aab121bb8e41a;;;2021-01-20 20:07:46;2021-01-20 20:07:46;;2021-01-20 20:07:47;;;2017-10-30 00:00:00;3;REJECTED;3.00
600887ae0a7214ad8900008a;600887a5b6310511daa4e9a7;5;All-receipts receipt bonus;2021-01-20 19:42:38;2021-01-20 19:42:38;2021-01-20 19:42:38;2021-01-20 19:42:43;2021-01-20 19:42:38;5.0;2021-01-20 00:00:00;3;FINISHED;23.00
60088a490a720f05fa0000d6;60088a46b6310511daa4ec97;300;Receipt number 4 completed, bonus point schedule DEFAULT (5cefdcacf3693e0b50e83a36);2021-01-20 19:53:45;2021-01-20 19:53:45;2021-01-20 19:53:46;2021-01-20 19:53:50;2021-01-20 19:53:46;300.0;2021-01-20 00:00:00;3;FINISHED;28.00
60088d580a7214ad890000eb;60088d58633aab121bb8e424;750;Receipt number 1 completed, bonus point schedule DEFAULT (5cefdcacf3693e0b50e83a36);2021-01-20 20:06:48;2021-01-20 20:06:48;2021-01-20 20:06:49;2021-01-20 20:06:54;2021-01-20 20:06:49;9850.0;2021-01-20 00:00:00;7;FINISHED;26.00
600887770a7214ad89000075;6008873eb6310511daa4e8eb;100;Receipt number 6 completed, bonus point schedule DEFAULT (5cefdcacf3693e0b50e83a36);2021-01-20 19:41:43;2021-01-20 19:41:43;2021-01-20 19:41:44;2021-01-20 19:41:44;2021-01-20 19:41:44;100.0;2021-01-13 00:00:00;1;FINISHED;10.00
60088a4d0a7214ad890000c7;60088a46b6310511daa4ec97;5;All-receipts receipt bonus;2021-01-20 19:53:49;2021-01-20 19:53:49;2021-01-20 19:53:50;2021-01-20 19:53:54;2021-01-20 19:53:50;5.0;2021-01-20 00:00:00;3;FINISHED;22.00
60088d600a7214ad890000ef;60088d5cb6310511daa4ee6f;150;Receipt number 5 completed, bonus point schedule DEFAULT (5cefdcacf3693e0b50e83a36);2021-01-20 20:06:56;2021-01-20 20:06:56;2021-01-20 20:06:56;2021-01-20 20:07:01;2021-01-20 20:06:56;150.0;2021-01-20 00:00:00;5;FINISHED;23.00
6008888f0a720f05fa0000b5;60088838633aab121bb8df69;5;All-receipts receipt bonus;2021-01-20 19:46:23;2021-01-20 19:46:23;2021-01-20 19:46:29;2021-01-20 19:46:29;2021-01-20 19:46:23;5.0;2021-01-19 19:46:23;2;FINISHED;1.00
60088a670a720f05fa0000e0;60088a25b6310511daa4ec42;5;All-receipts receipt bonus;2021-01-20 19:54:15;2021-01-20 19:54:15;2021-01-20 19:54:21;2021-01-20 19:54:21;2021-01-20 19:54:15;5.0;2021-01-19 19:54:15;2;FINISHED;1.00
600788cd0a7214ad8900003a;5cd06f1f2acf0a2667da628b;21;COMPLETE_PARTNER_RECEIPT;2021-01-20 01:35:09;2021-01-20 01:35:09;2021-01-20 01:35:30;2021-01-20 01:35:32;2021-01-20 01:35:30;50.9;2021-01-19 00:00:00;1;FINISHED;2.99
60085bad0a720f05fa00006c;60085b3dbe5fc90ee6a67b11;;;2021-01-20 16:34:53;2021-01-20 16:34:53;2021-01-20 16:34:53;2021-01-20 16:34:53;2021-01-20 16:34:53;250.0;2021-01-09 06:00:00;5;FINISHED;49.95
60088e670a720f05fa00011d;54943462e4b07e684157a532;5;All-receipts receipt bonus;2021-01-20 20:11:19;2021-01-20 20:11:19;2021-01-20 20:11:20;2021-01-20 20:11:20;2021-01-20 20:11:20;5.0;2021-01-19 20:11:19;1;FINISHED;1.00
600887970a7214ad8900007c;6008873eb6310511daa4e8eb;;;2021-01-20 19:42:15.814000;2021-01-20 19:42:15.814000;;2021-01-20 19:42:15.814000;;;;;SUBMITTED;
60088a4a0a7214ad890000c5;60088a46b6310511daa4ec97;150;Receipt number 5 completed, bonus point schedule DEFAULT (5cefdcacf3693e0b50e83a36);2021-01-20 19:53:46;2021-01-20 19:53:46;2021-01-20 19:53:46;2021-01-20 19:53:51;2021-01-20 19:53:46;150.0;2021-01-20 00:00:00;4;FINISHED;29.00
600862490a720f05fa000072;600861d3be5fc9247bab3e0c;300;Receipt number 4 completed, bonus point schedule DEFAULT (5cefdcacf3693e0b50e83a36);2021-01-20 17:03:05;2021-01-20 17:03:05;2021-01-20 17:03:06;2021-01-20 17:03:06;2021-01-20 17:03:06;350.0;2021-01-05 00:00:00;10;FINISHED;10.00
60088af80a7214ad890000d6;60088af5633aab121bb8e31b;300;Receipt number 4 completed, bonus point schedule DEFAULT (5cefdcacf3693e0b50e83a36);2021-01-20 19:56:40;2021-01-20 19:56:40;2021-01-20 19:56:40;2021-01-20 19:56:45;2021-01-20 19:56:40;2300.0;2021-01-20 00:00:00;3;FINISHED;20.00
60088d5f0a720f05fa0000fc;60088d5cb6310511daa4ee6f;300;Receipt number 4 completed, bonus point schedule DEFAULT (5cefdcacf3693e0b50e83a36);2021-01-20 20:06:55;2021-01-20 20:06:55;2021-01-20 20:06:56;2021-01-20 20:07:00;2021-01-20 20:06:56;300.0;2021-01-20 00:00:00;1;FINISHED;25.00
600862530a720f05fa000074;600861d3be5fc9247bab3e0c;100;Receipt number 6 completed, bonus point schedule DEFAULT (5cefdcacf3693e0b50e83a36);2021-01-20 17:03:15;2021-01-20 17:03:15;2021-01-20 17:03:15;2021-01-20 17:03:15;2021-01-20 17:03:15;100.0;2021-01-19 17:03:14;9;FINISHED;89.91
60088aff0a7214ad890000da;60088aff633aab121bb8e33d;5;All-receipts receipt bonus;2021-01-20 19:56:47;2021-01-20 19:56:47;;2021-01-20 19:56:52;;5;2021-01-20 00:00:00;1;REJECTED;10.00
6008f2be0a720f05fa000129;6008f02fb6310511daa4f314;500;Receipt number 2 completed, bonus point schedule DEFAULT (5cefdcacf3693e0b50e83a36);2021-01-21 03:19:26;2021-01-21 03:19:26;2021-01-21 03:20:00;2021-01-21 03:20:09;2021-01-21 03:20:00;673.0;2021-01-20 00:00:00;13;FINISHED;40.37
6009f5ea0a7214ada2000004;6009e60450b3311194385009;150;Receipt number 5 completed, bonus point schedule DEFAULT (5cefdcacf3693e0b50e83a36);2021-01-21 21:45:14;2021-01-21 21:45:14;2021-01-21 21:46:05;2021-01-21 21:46:16;2021-01-21 21:46:05;405.9;2021-01-21 00:00:00;32;FINISHED;163.94
6008ee0e0a7214ad89000125;6008e9cdb6310511daa4f2e4;750;Receipt number 1 completed, bonus point schedule DEFAULT (5cefdcacf3693e0b50e83a36);2021-01-21 02:59:26;2021-01-21 02:59:26;2021-01-21 02:59:58;2021-01-21 03:00:00;2021-01-21 02:59:58;760.0;2021-01-20 00:00:00;7;FINISHED;32.42
6009889f0a7214ad89000133;600987d77d983a11f63cfa92;5;All-receipts receipt bonus;2021-01-21 13:58:55;2021-01-21 13:58:55;2021-01-21 13:58:56;2021-01-21 13:58:56;2021-01-21 13:58:56;5.0;2021-01-18 06:00:00;5;FINISHED;49.95
6009f9000a7214ada2000005;6009f6927d983a124e9adaad;;;2021-01-21 21:58:24.615000;2021-01-21 21:58:24.615000;;2021-01-21 21:58:24.615000;;;;;SUBMITTED;
600988a30a720f05fa000132;600987d77d983a11f63cfa92;5;All-receipts receipt bonus;2021-01-21 13:58:59;2021-01-21 13:58:59;2021-01-21 13:58:59;2021-01-21 13:58:59;2021-01-21 13:58:59;5.0;2021-01-10 06:00:00;5;FINISHED;49.95
6009eb000a7214ada2000003;6009e60450b3311194385009;250;Receipt number 3 completed, bonus point schedule DEFAULT (5cefdcacf3693e0b50e83a36);2021-01-21 20:58:40;2021-01-21 20:58:40;2021-01-21 20:59:06;2021-01-21 20:59:15;2021-01-21 20:59:06;250.0;2021-01-21 00:00:00;0;FINISHED;0.00
600992f90a720f05fa000133;600992d17d983a11f63d11ad;750;Receipt number 1 completed, bonus point schedule DEFAULT (5cefdcacf3693e0b50e83a36);2021-01-21 14:43:05;2021-01-21 14:43:05;2021-01-21 14:52:09;2021-01-21 14:54:36;2021-01-21 14:52:09;2143.3;2021-01-21 00:00:00;118;FINISHED;349.16
6009f5200a720f0535000005;6009e60450b3311194385009;300;Receipt number 4 completed, bonus point schedule DEFAULT (5cefdcacf3693e0b50e83a36);2021-01-21 21:41:52;2021-01-21 21:41:52;2021-01-21 21:42:18;2021-01-21 21:42:31;2021-01-21 21:42:18;300.0;2021-01-21 00:00:00;7;FINISHED;80.46
600988820a7214ad8900012b;600987d77d983a11f63cfa92;250;Receipt number 3 completed, bonus point schedule DEFAULT (5cefdcacf3693e0b50e83a36);2021-01-21 13:58:26;2021-01-21 13:58:26;2021-01-21 13:58:27;2021-01-21 13:58:27;2021-01-21 13:58:27;300.0;2021-01-06 00:00:00;10;FINISHED;10.00
600988560a7214ad89000127;54943462e4b07e684157a532;45;COMPLETE_PARTNER_RECEIPT;2021-01-21 13:57:42;2021-01-21 13:57:42;2021-01-21 13:57:43;2021-01-21 13:57:43;2021-01-21 13:57:43;1550.0;2021-01-20 13:57:42;1;FINISHED;1.00
6009889a0a720f05fa00012f;600987d77d983a11f63cfa92;;;2021-01-21 13:58:50;2021-01-21 13:58:50;2021-01-21 13:58:50;2021-01-21 13:58:50;2021-01-21 13:58:50;125.0;2021-01-18 06:00:00;5;FINISHED;25.00
6008f09d0a720f05fa000128;6008f02fb6310511daa4f314;750;Receipt number 1 completed, bonus point schedule DEFAULT (5cefdcacf3693e0b50e83a36);2021-01-21 03:10:21;2021-01-21 03:10:21;2021-01-21 03:16:28;2021-01-21 03:17:20;2021-01-21 03:16:28;986.5;2021-01-20 00:00:00;14;FINISHED;58.76
6009885a0a7214ad89000129;54943462e4b07e684157a532;45;COMPLETE_PARTNER_RECEIPT;2021-01-21 13:57:46;2021-01-21 13:57:46;2021-01-21 13:57:47;2021-01-21 13:57:47;2021-01-21 13:57:47;50.0;2021-01-20 13:57:46;1;FINISHED;1.00
600988980a7214ad89000130;600987d77d983a11f63cfa92;5;All-receipts receipt bonus;2021-01-21 13:58:48;2021-01-21 13:58:48;2021-01-21 13:58:48;2021-01-21 13:58:48;2021-01-21 13:58:48;5.0;2021-01-20 13:58:48;1;FINISHED;10.00
600988900a7214ad8900012e;600987d77d983a11f63cfa92;100;Receipt number 6 completed, bonus point schedule DEFAULT (5cefdcacf3693e0b50e83a36);2021-01-21 13:58:40;2021-01-21 13:58:40;2021-01-21 13:58:41;2021-01-21 13:58:41;2021-01-21 13:58:41;100.0;2021-01-21 13:58:40;1;FINISHED;9.99
6009a0b90a7214ada2000001;60099c1450b33111fd61f702;500;Receipt number 2 completed, bonus point schedule DEFAULT (5cefdcacf3693e0b50e83a36);2021-01-21 15:41:45;2021-01-21 15:41:45;2021-01-21 15:42:10;2021-01-21 15:42:23;2021-01-21 15:42:10;583.4;2021-01-21 00:00:00;10;FINISHED;28.34
60099c3c0a7214ad89000135;60099c1450b33111fd61f702;750;Receipt number 1 completed, bonus point schedule DEFAULT (5cefdcacf3693e0b50e83a36);2021-01-21 15:22:36;2021-01-21 15:22:36;2021-01-21 15:28:37;2021-01-21 15:31:10;2021-01-21 15:28:37;4480.5;2021-01-21 00:00:00;341;FINISHED;1083.24
6008f3270a720f05fa00012a;6008f02fb6310511daa4f314;;;2021-01-21 03:21:11;2021-01-21 03:21:11;;2021-01-21 03:21:54;;;;1;FLAGGED;0.16
6009e72c0a720f0535000003;6009e60450b3311194385009;750;Receipt number 1 completed, bonus point schedule DEFAULT (5cefdcacf3693e0b50e83a36);2021-01-21 20:42:20;2021-01-21 20:42:20;2021-01-21 20:47:42;2021-01-21 20:49:51;2021-01-21 20:47:42;3379.9;2021-01-21 00:00:00;229;FINISHED;728.73
600988a10a720f05fa000131;600987d77d983a11f63cfa92;;;2021-01-21 13:58:57;2021-01-21 13:58:57;2021-01-21 13:58:58;2021-01-21 13:58:58;2021-01-21 13:58:58;250.0;2021-01-18 06:00:00;5;FINISHED;49.95
6009fd790a720f0535000006;6009fd1550b33111943850b1;;;2021-01-21 22:17:29.450000;2021-01-21 22:17:29.450000;;2021-01-21 22:17:29.450000;;;;;SUBMITTED;
600988870a7214ad8900012c;600987d77d983a11f63cfa92;300;Receipt number 4 completed, bonus point schedule DEFAULT (5cefdcacf3693e0b50e83a36);2021-01-21 13:58:31;2021-01-21 13:58:31;2021-01-21 13:58:32;2021-01-21 13:58:32;2021-01-21 13:58:32;323.6;2021-01-20 13:58:31;4;FINISHED;4.66
6009889e0a720f05fa000130;600987d77d983a11f63cfa92;5;All-receipts receipt bonus;2021-01-21 13:58:54;2021-01-21 13:58:54;2021-01-21 13:58:54;2021-01-21 13:58:54;2021-01-21 13:58:54;5.0;2021-01-20 13:58:54;1;FINISHED;1.00
600988480a720f05fa00012b;600987d77d983a11f63cfa92;750;Receipt number 1 completed, bonus point schedule DEFAULT (5cefdcacf3693e0b50e83a36);2021-01-21 13:57:28;2021-01-21 13:57:28;2021-01-21 13:57:30;2021-01-21 13:57:30;2021-01-21 13:57:30;750.0;2021-01-16 06:00:00;5;FINISHED;49.95
6009885c0a7214ad8900012a;6009885c50b33111fd61eee9;750;Receipt number 1 completed, bonus point schedule DEFAULT (5cefdcacf3693e0b50e83a36);2021-01-21 13:57:48;2021-01-21 13:57:48;2021-01-21 13:57:49;2021-01-21 13:57:49;2021-01-21 13:57:49;750.0;2021-01-20 13:57:48;1;FINISHED;1.00
600988550a720f05fa00012e;600988557d983a11f63d08ef;750;Receipt number 1 completed, bonus point schedule DEFAULT (5cefdcacf3693e0b50e83a36);2021-01-21 13:57:41;2021-01-21 13:57:41;2021-01-21 13:57:41;2021-01-21 13:57:41;2021-01-21 13:57:41;750.0;2021-01-20 13:57:41;1;FINISHED;1.00
600988510a720f05fa00012c;54943462e4b07e684157a532;5;All-receipts receipt bonus;2021-01-21 13:57:37;2021-01-21 13:57:37;2021-01-21 13:57:38;2021-01-21 13:57:38;2021-01-21 13:57:38;5.0;2021-01-08 13:57:37;1;FINISHED;1.00
6008ea160a720f05fa000126;6008e9cdb6310511daa4f2e4;;;2021-01-21 02:42:30.660000;2021-01-21 02:42:30.660000;;2021-01-21 02:42:30.660000;;;;;SUBMITTED;
600996ac0a720f05fa000134;6009969150b33111fd61f6d9;750;Receipt number 1 completed, bonus point schedule DEFAULT (5cefdcacf3693e0b50e83a36);2021-01-21 14:58:52;2021-01-21 14:58:52;2021-01-21 15:11:25;2021-01-21 15:16:08;2021-01-21 15:11:25;6257.3;2021-01-17 00:00:00;348;FINISHED;1198.68
600b34ca0a7214ada200000c;600b349550b3311194385600;750;Receipt number 1 completed, bonus point schedule DEFAULT (5cefdcacf3693e0b50e83a36);2021-01-22 20:25:46;2021-01-22 20:25:46;2021-01-22 20:35:47;2021-01-22 20:37:21;2021-01-22 20:35:47;750.0;2021-01-22 00:00:00;157;FINISHED;816.21
600b2dd60a7214ada200000b;600b2d7a50b33111943855cb;750;Receipt number 1 completed, bonus point schedule DEFAULT (5cefdcacf3693e0b50e83a36);2021-01-22 19:56:06;2021-01-22 19:56:06;2021-01-22 20:01:34;2021-01-22 20:03:50;2021-01-22 20:01:34;2497.7;2021-01-22 00:00:00;109;FINISHED;409.75
600affe60a7214ada2000009;600afb2a7d983a124e9aded0;250;Receipt number 3 completed, bonus point schedule DEFAULT (5cefdcacf3693e0b50e83a36);2021-01-22 16:40:06;2021-01-22 16:40:06;2021-01-22 16:40:22;2021-01-22 16:40:32;2021-01-22 16:40:22;250.0;2021-01-22 00:00:00;21;FINISHED;83.85
600a1a8d0a7214ada2000008;600a1a457d983a124e9adb9b;750;Receipt number 1 completed, bonus point schedule DEFAULT (5cefdcacf3693e0b50e83a36);2021-01-22 00:21:32;2021-01-22 00:21:32;2021-01-22 00:30:13;2021-01-22 00:31:04;2021-01-22 00:30:13;1178.7;2021-01-21 00:00:00;214;FINISHED;1183.10
600aff160a720f053500000c;600afb2a7d983a124e9aded0;500;Receipt number 2 completed, bonus point schedule DEFAULT (5cefdcacf3693e0b50e83a36);2021-01-22 16:36:38;2021-01-22 16:36:38;2021-01-22 16:37:01;2021-01-22 16:37:13;2021-01-22 16:37:01;500.0;2021-01-22 00:00:00;0;FINISHED;0.00
600afbd90a720f053500000b;600afb2a7d983a124e9aded0;750;Receipt number 1 completed, bonus point schedule DEFAULT (5cefdcacf3693e0b50e83a36);2021-01-22 16:22:49;2021-01-22 16:22:49;2021-01-22 16:30:46;2021-01-22 16:32:00;2021-01-22 16:30:46;1447.0;2021-01-15 00:00:00;122;FINISHED;769.40
600b420b0a7214ada200000d;600b41d050b3311194385655;750;Receipt number 1 completed, bonus point schedule DEFAULT (5cefdcacf3693e0b50e83a36);2021-01-22 21:22:19;2021-01-22 21:22:19;2021-01-22 21:32:17;2021-01-22 21:35:24;2021-01-22 21:32:17;1729.5;2021-01-22 00:00:00;133;FINISHED;661.41
600af82f0a720f053500000a;600af8097d983a124e9adeb3;750;Receipt number 1 completed, bonus point schedule DEFAULT (5cefdcacf3693e0b50e83a36);2021-01-22 16:07:11;2021-01-22 16:07:11;2021-01-22 16:11:00;2021-01-22 16:12:14;2021-01-22 16:11:00;1476.2;2021-01-22 00:00:00;124;FINISHED;612.10
600b39f60a720f053500000e;600b39ce50b331119438562a;750;Receipt number 1 completed, bonus point schedule DEFAULT (5cefdcacf3693e0b50e83a36);2021-01-22 20:47:50;2021-01-22 20:47:50;2021-01-22 20:58:20;2021-01-22 21:00:33;2021-01-22 20:58:20;1708.0;2021-01-22 00:00:00;133;FINISHED;716.50
600b139e0a7214ada200000a;600b00687d983a124e9adef9;750;Receipt number 1 completed, bonus point schedule DEFAULT (5cefdcacf3693e0b50e83a36);2021-01-22 18:04:13;2021-01-22 18:04:13;2021-01-22 18:14:47;2021-01-22 18:16:13;2021-01-22 18:14:47;1077.5;2021-01-22 00:00:00;159;FINISHED;935.14
600a1e270a720f0535000009;600a1ddf50b33111943851a2;750;Receipt number 1 completed, bonus point schedule DEFAULT (5cefdcacf3693e0b50e83a36);2021-01-22 00:36:55;2021-01-22 00:36:55;2021-01-22 00:48:12;2021-01-22 00:49:55;2021-01-22 00:48:12;1135.1;2021-01-21 00:00:00;196;FINISHED;944.15
600ba6ae0a7214ada2000010;600ba68e7d983a124e9ae1d3;750;Receipt number 1 completed, bonus point schedule DEFAULT (5cefdcacf3693e0b50e83a36);2021-01-23 04:31:42;2021-01-23 04:31:42;2021-01-23 04:39:28;2021-01-23 04:41:47;2021-01-23 04:39:28;1044.3;2021-01-22 00:00:00;136;FINISHED;1107.82
600b89630a720f0535000011;600b477e7d983a124e9ae061;;;2021-01-23 02:26:43.727000;2021-01-23 02:26:43.727000;;2021-01-23 02:26:43.727000;;;;;SUBMITTED;
600f41f60a7214ada2000037;54943462e4b07e684157a532;5;All-receipts receipt bonus;2021-01-25 22:11:02;2021-01-25 22:11:02;2021-01-25 22:11:03;2021-01-25 22:11:03;2021-01-25 22:11:03;5.0;2021-01-12 22:11:02;1;FINISHED;1.00
600ed4820a720f0535000015;600ed4815edb7811cde6b50b;750;Receipt number 1 completed, bonus point schedule DEFAULT (5cefdcacf3693e0b50e83a36);2021-01-25 14:24:02;2021-01-25 14:24:02;2021-01-25 14:24:02;2021-01-25 14:24:02;2021-01-25 14:24:02;750.0;2021-01-24 14:24:02;1;FINISHED;1.00
600ed47e0a7214ada2000014;54943462e4b07e684157a532;5;All-receipts receipt bonus;2021-01-25 14:23:58;2021-01-25 14:23:58;2021-01-25 14:23:59;2021-01-25 14:23:59;2021-01-25 14:23:59;5.0;2021-01-12 14:23:58;1;FINISHED;1.00
600ed49e0a7214ada200001b;600ed42e43298911ce45d1fa;45;COMPLETE_PARTNER_RECEIPT;2021-01-25 14:24:30;2021-01-25 14:24:30;2021-01-25 14:24:31;2021-01-25 14:24:31;2021-01-25 14:24:31;50.0;2021-01-24 14:24:30;1;FINISHED;1.00
600f48940a720f0535000043;54943462e4b07e684157a532;5;All-receipts receipt bonus;2021-01-25 22:39:16;2021-01-25 22:39:16;2021-01-25 22:39:17;2021-01-25 22:39:17;2021-01-25 22:39:17;5.0;2021-01-12 22:39:16;1;FINISHED;1.00
600ed46b0a7214ada2000013;600ed42e43298911ce45d1fa;150;Receipt number 5 completed, bonus point schedule DEFAULT (5cefdcacf3693e0b50e83a36);2021-01-25 14:23:39;2021-01-25 14:23:39;2021-01-25 14:23:40;2021-01-25 14:23:40;2021-01-25 14:23:40;173.6;2021-01-24 14:23:39;4;FINISHED;4.66
600eda0c0a7214ada200001e;600ed95043298911ce45e82c;500;Receipt number 2 completed, bonus point schedule DEFAULT (5cefdcacf3693e0b50e83a36);2021-01-25 14:47:40;2021-01-25 14:47:40;2021-01-25 14:51:04;2021-01-25 14:51:46;2021-01-25 14:51:04;640.7;2021-01-25 00:00:00;137;FINISHED;847.28
600f41d90a720f0535000032;600f41b2bd196811e68ea219;750;Receipt number 1 completed, bonus point schedule DEFAULT (5cefdcacf3693e0b50e83a36);2021-01-25 22:10:33;2021-01-25 22:10:33;2021-01-25 22:10:34;2021-01-25 22:10:34;2021-01-25 22:10:34;750.0;2021-01-24 22:10:32;1;FINISHED;10.00
600f01340a7214ada2000029;600f008f4329897eac237bd8;5;All-receipts receipt bonus;2021-01-25 17:34:44;2021-01-25 17:34:44;2021-01-25 17:34:44;2021-01-25 17:34:44;2021-01-25 17:34:44;5.0;2021-01-14 06:00:00;5;FINISHED;49.95
600f42070a7214ada200003c;600f41b2bd196811e68ea219;5;All-receipts receipt bonus;2021-01-25 22:11:19;2021-01-25 22:11:19;2021-01-25 22:11:19;2021-01-25 22:11:19;2021-01-25 22:11:19;5.0;2021-01-11 00:00:00;5;FINISHED;49.95
600f48860a720f053500003f;600f47f06fd0dc1768a34a12;5;All-receipts receipt bonus;2021-01-25 22:39:02;2021-01-25 22:39:02;2021-01-25 22:39:03;2021-01-25 22:39:03;2021-01-25 22:39:03;5.0;2021-01-20 06:00:00;5;FINISHED;25.00
600f489d0a7214ada200004a;600f489d6fd0dc1768a35a88;750;Receipt number 1 completed, bonus point schedule DEFAULT (5cefdcacf3693e0b50e83a36);2021-01-25 22:39:25;2021-01-25 22:39:25;2021-01-25 22:39:26;2021-01-25 22:39:26;2021-01-25 22:39:26;755.0;2021-01-24 22:39:25;1;FINISHED;1.00
600f014d0a7214ada200002d;600f014d4329897eac238b88;750;Receipt number 1 completed, bonus point schedule DEFAULT (5cefdcacf3693e0b50e83a36);2021-01-25 17:35:09;2021-01-25 17:35:09;2021-01-25 17:35:10;2021-01-25 17:35:10;2021-01-25 17:35:10;755.0;2021-01-24 17:35:09;1;FINISHED;1.00
600f24970a720f053500002f;600f20c15edb787dce060911;;;2021-01-25 20:05:43;2021-01-25 20:05:43;;2021-01-25 20:25:25;;;2021-01-25 00:00:00;599;FLAGGED;4368.80
600f0cc70a720f053500002c;600f00d05edb787dce05fb84;;;2021-01-25 18:24:07;2021-01-25 18:24:07;;2021-01-25 18:38:07;;;2021-01-25 00:00:00;303;FLAGGED;2084.82
600f48750a7214ada2000041;600f47f06fd0dc1768a34a12;150;Receipt number 5 completed, bonus point schedule DEFAULT (5cefdcacf3693e0b50e83a36);2021-01-25 22:38:45;2021-01-25 22:38:45;2021-01-25 22:38:46;2021-01-25 22:38:46;2021-01-25 22:38:46;150.0;2021-01-24 22:38:45;9;FINISHED;89.91
600f41e60a720f0535000033;600f41b2bd196811e68ea219;150;Receipt number 5 completed, bonus point schedule DEFAULT (5cefdcacf3693e0b50e83a36);2021-01-25 22:10:46;2021-01-25 22:10:46;2021-01-25 22:10:47;2021-01-25 22:10:47;2021-01-25 22:10:47;150.0;2021-01-24 22:10:46;1;FINISHED;1.00
600ed4d90a7214ada200001c;600ed42e43298911ce45d1fa;;;2021-01-25 14:25:29;2021-01-25 14:25:29;2021-01-25 14:25:29;2021-01-25 14:25:29;2021-01-25 14:25:29;250.0;2021-01-11 00:00:00;5;FINISHED;49.95
600f42050a7214ada200003b;600f41b2bd196811e68ea219;5;All-receipts receipt bonus;2021-01-25 22:11:17;2021-01-25 22:11:17;2021-01-25 22:11:17;2021-01-25 22:11:17;2021-01-25 22:11:17;5.0;2021-01-20 06:00:00;5;FINISHED;49.95
600ed4520a720f0535000012;600ed42e43298911ce45d1fa;500;Receipt number 2 completed, bonus point schedule DEFAULT (5cefdcacf3693e0b50e83a36);2021-01-25 14:23:14;2021-01-25 14:23:14;2021-01-25 14:23:16;2021-01-25 14:23:16;2021-01-25 14:23:16;523.6;2021-01-24 14:23:14;4;FINISHED;4.66
600f012c0a720f0535000025;600f008f4329897eac237bd8;;;2021-01-25 17:34:36;2021-01-25 17:34:36;2021-01-25 17:34:37;2021-01-25 17:34:37;2021-01-25 17:34:37;125.0;2021-01-20 06:00:00;5;FINISHED;25.00
600f48900a720f0535000042;600f47f06fd0dc1768a34a12;45;COMPLETE_PARTNER_RECEIPT;2021-01-25 22:39:12;2021-01-25 22:39:12;2021-01-25 22:39:13;2021-01-25 22:39:13;2021-01-25 22:39:13;50.0;2021-01-24 22:39:12;1;FINISHED;1.00
600ed4910a7214ada2000018;600ed42e43298911ce45d1fa;5;All-receipts receipt bonus;2021-01-25 14:24:17;2021-01-25 14:24:17;2021-01-25 14:24:18;2021-01-25 14:24:18;2021-01-25 14:24:18;5.0;2021-01-20 06:00:00;5;FINISHED;25.00
600f48880a7214ada2000044;600f47f06fd0dc1768a34a12;45;COMPLETE_PARTNER_RECEIPT;2021-01-25 22:39:04;2021-01-25 22:39:04;2021-01-25 22:39:04;2021-01-25 22:39:04;2021-01-25 22:39:04;50.0;2021-01-09 22:39:04;1;FINISHED;1.00
600f01310a7214ada2000027;600f008f4329897eac237bd8;;;2021-01-25 17:34:41;2021-01-25 17:34:41;2021-01-25 17:34:41;2021-01-25 17:34:41;2021-01-25 17:34:41;250.0;2021-01-22 06:00:00;5;FINISHED;49.95
600f012a0a7214ada2000024;600f008f4329897eac237bd8;5;All-receipts receipt bonus;2021-01-25 17:34:34;2021-01-25 17:34:34;2021-01-25 17:34:34;2021-01-25 17:34:34;2021-01-25 17:34:34;5.0;2021-01-24 17:34:34;1;FINISHED;10.00
600f485e0a720f053500003b;600f47f06fd0dc1768a34a12;500;Receipt number 2 completed, bonus point schedule DEFAULT (5cefdcacf3693e0b50e83a36);2021-01-25 22:38:22;2021-01-25 22:38:22;2021-01-25 22:38:22;2021-01-25 22:38:22;2021-01-25 22:38:22;750.0;2021-01-11 00:00:00;5;FINISHED;49.95
600f41e40a7214ada2000033;600f41b2bd196811e68ea219;300;Receipt number 4 completed, bonus point schedule DEFAULT (5cefdcacf3693e0b50e83a36);2021-01-25 22:10:44;2021-01-25 22:10:44;2021-01-25 22:10:45;2021-01-25 22:10:45;2021-01-25 22:10:45;305.0;2021-01-09 22:10:44;1;FINISHED;1.00
600f41fb0a720f0535000036;54943462e4b07e684157a532;5;All-receipts receipt bonus;2021-01-25 22:11:07;2021-01-25 22:11:07;2021-01-25 22:11:08;2021-01-25 22:11:08;2021-01-25 22:11:08;5.0;2021-01-24 22:11:07;1;FINISHED;1.00
600edb570a720f053500001d;600ed95043298911ce45e82c;250;Receipt number 3 completed, bonus point schedule DEFAULT (5cefdcacf3693e0b50e83a36);2021-01-25 14:53:11;2021-01-25 14:53:11;2021-01-25 15:00:21;2021-01-25 15:01:49;2021-01-25 15:00:21;487.7;2021-01-25 00:00:00;161;FINISHED;715.23
600fb2160a7214ada2000053;600fb1ac73c60b12049027bb;;;2021-01-26 06:09:26;2021-01-26 06:09:26;2021-01-26 06:09:26;2021-01-26 06:09:26;2021-01-26 06:09:26;125.0;2021-01-21 06:00:00;5;FINISHED;25.00
600fb2030a7214ada2000050;600fb1ac73c60b12049027bb;300;Receipt number 4 completed, bonus point schedule DEFAULT (5cefdcacf3693e0b50e83a36);2021-01-26 06:09:07;2021-01-26 06:09:07;2021-01-26 06:09:07;2021-01-26 06:09:07;2021-01-26 06:09:07;323.6;2021-01-25 06:09:07;4;FINISHED;4.66
600fb1e90a720f0535000049;54943462e4b07e684157a532;45;COMPLETE_PARTNER_RECEIPT;2021-01-26 06:08:41;2021-01-26 06:08:41;2021-01-26 06:08:42;2021-01-26 06:08:42;2021-01-26 06:08:42;50.0;2021-01-25 06:08:41;1;FINISHED;1.00
600fb2170a720f053500004e;600fb1ac73c60b12049027bb;45;COMPLETE_PARTNER_RECEIPT;2021-01-26 06:09:27;2021-01-26 06:09:27;2021-01-26 06:09:28;2021-01-26 06:09:28;2021-01-26 06:09:28;50.0;2021-01-10 06:09:27;1;FINISHED;1.00
600fb21f0a7214ada2000056;600fb1ac73c60b12049027bb;5;All-receipts receipt bonus;2021-01-26 06:09:35;2021-01-26 06:09:35;2021-01-26 06:09:35;2021-01-26 06:09:35;2021-01-26 06:09:35;5.0;2021-01-25 06:09:35;1;FINISHED;1.00
60107e3b0a720f0535000051;5fbc35711d967d1222cbfefc;500;Receipt number 2 completed, bonus point schedule DEFAULT (5cefdcacf3693e0b50e83a36);2021-01-26 20:40:27;2021-01-26 20:40:27;;2021-01-26 20:40:29;;500.0;2020-12-30 00:00:00;2;REJECTED;34.96
600f39c30a7214ada2000030;600f35015edb782098e2ac1b;750;Receipt number 1 completed, bonus point schedule DEFAULT (5cefdcacf3693e0b50e83a36);2021-01-25 21:36:03;2021-01-25 21:36:03;2021-01-26 03:06:03;2021-01-26 03:07:40;2021-01-26 03:06:03;7137.2;2021-01-24 00:00:00;670;FINISHED;4721.95
600fb2130a7214ada2000052;600fb1ac73c60b12049027bb;5;All-receipts receipt bonus;2021-01-26 06:09:23;2021-01-26 06:09:23;2021-01-26 06:09:24;2021-01-26 06:09:24;2021-01-26 06:09:24;5.0;2021-01-25 06:09:23;1;FINISHED;10.00
600fb1e80a7214ada200004e;54943462e4b07e684157a532;5;All-receipts receipt bonus;2021-01-26 06:08:40;2021-01-26 06:08:40;2021-01-26 06:08:41;2021-01-26 06:08:41;2021-01-26 06:08:41;5.0;2021-01-25 06:08:40;1;FINISHED;1.00
600fb2190a7214ada2000054;600fb1ac73c60b12049027bb;5;All-receipts receipt bonus;2021-01-26 06:09:29;2021-01-26 06:09:29;2021-01-26 06:09:29;2021-01-26 06:09:29;2021-01-26 06:09:29;5.0;2021-01-25 06:09:29;1;FINISHED;1.00
600fb1e60a720f0535000048;54943462e4b07e684157a532;5;All-receipts receipt bonus;2021-01-26 06:08:38;2021-01-26 06:08:38;2021-01-26 06:08:38;2021-01-26 06:08:38;2021-01-26 06:08:38;1205.0;2021-01-25 06:08:38;1;FINISHED;1.00
60108a5b0a7214ada2000057;5fbc35711d967d1222cbfefc;500;Receipt number 2 completed, bonus point schedule DEFAULT (5cefdcacf3693e0b50e83a36);2021-01-26 21:32:11;2021-01-26 21:32:11;;2021-01-26 21:32:12;;500.0;2020-12-30 00:00:00;2;REJECTED;34.96
600fb1e50a7214ada200004d;600fb1e4a4b74c120bd18777;750;Receipt number 1 completed, bonus point schedule DEFAULT (5cefdcacf3693e0b50e83a36);2021-01-26 06:08:37;2021-01-26 06:08:37;2021-01-26 06:08:37;2021-01-26 06:08:37;2021-01-26 06:08:37;755.0;2021-01-25 06:08:37;1;FINISHED;1.00
600fb21a0a720f053500004f;600fb1ac73c60b12049027bb;5;All-receipts receipt bonus;2021-01-26 06:09:30;2021-01-26 06:09:30;2021-01-26 06:09:30;2021-01-26 06:09:30;2021-01-26 06:09:30;5.0;2021-01-23 06:00:00;5;FINISHED;49.95
600fb2150a720f053500004d;600fb1ac73c60b12049027bb;;;2021-01-26 06:09:25;2021-01-26 06:09:25;2021-01-26 06:09:26;2021-01-26 06:09:26;2021-01-26 06:09:26;125.0;2021-01-23 06:00:00;5;FINISHED;25.00
600fb1d80a7214ada200004b;600fb1ac73c60b12049027bb;750;Receipt number 1 completed, bonus point schedule DEFAULT (5cefdcacf3693e0b50e83a36);2021-01-26 06:08:24;2021-01-26 06:08:24;2021-01-26 06:08:27;2021-01-26 06:08:27;2021-01-26 06:08:27;750.0;2021-01-21 06:00:00;5;FINISHED;49.95
600fb2110a720f053500004c;600fb1ac73c60b12049027bb;27;COMPLETE_PARTNER_RECEIPT;2021-01-26 06:09:21;2021-01-26 06:09:21;2021-01-26 06:09:21;2021-01-26 06:09:21;2021-01-26 06:09:21;50.6;2021-01-25 06:09:21;4;FINISHED;4.66
600fb1dc0a720f0535000046;600fb1ac73c60b12049027bb;500;Receipt number 2 completed, bonus point schedule DEFAULT (5cefdcacf3693e0b50e83a36);2021-01-26 06:08:28;2021-01-26 06:08:28;2021-01-26 06:08:29;2021-01-26 06:08:29;2021-01-26 06:08:29;750.0;2021-01-12 00:00:00;5;FINISHED;49.95
600fb21d0a720f0535000050;600fb1ac73c60b12049027bb;5;All-receipts receipt bonus;2021-01-26 06:09:33;2021-01-26 06:09:33;2021-01-26 06:09:34;2021-01-26 06:09:34;2021-01-26 06:09:34;5.0;2021-01-15 06:00:00;5;FINISHED;49.95
600fb1ec0a7214ada200004f;600fb1ec73c60b1204902af4;750;Receipt number 1 completed, bonus point schedule DEFAULT (5cefdcacf3693e0b50e83a36);2021-01-26 06:08:44;2021-01-26 06:08:44;2021-01-26 06:08:44;2021-01-26 06:08:44;2021-01-26 06:08:44;755.0;2021-01-25 06:08:44;1;FINISHED;1.00
600fb1e00a7214ada200004c;54943462e4b07e684157a532;5;All-receipts receipt bonus;2021-01-26 06:08:32;2021-01-26 06:08:32;2021-01-26 06:08:33;2021-01-26 06:08:33;2021-01-26 06:08:33;5.0;2021-01-13 06:08:32;1;FINISHED;1.00
600fb2060a720f053500004b;600fb1ac73c60b12049027bb;150;Receipt number 5 completed, bonus point schedule DEFAULT (5cefdcacf3693e0b50e83a36);2021-01-26 06:09:10;2021-01-26 06:09:10;2021-01-26 06:09:10;2021-01-26 06:09:10;2021-01-26 06:09:10;200.0;2021-01-25 06:09:10;9;FINISHED;89.91
600fb21c0a7214ada2000055;600fb1ac73c60b12049027bb;;;2021-01-26 06:09:32;2021-01-26 06:09:32;2021-01-26 06:09:32;2021-01-26 06:09:32;2021-01-26 06:09:32;250.0;2021-01-23 06:00:00;5;FINISHED;49.95
600fb1e20a720f0535000047;54943462e4b07e684157a532;5;All-receipts receipt bonus;2021-01-26 06:08:34;2021-01-26 06:08:34;2021-01-26 06:08:35;2021-01-26 06:08:35;2021-01-26 06:08:35;5.0;2021-01-13 06:08:34;1;FINISHED;1.00
600fb1fd0a720f053500004a;600fb1ac73c60b12049027bb;250;Receipt number 3 completed, bonus point schedule DEFAULT (5cefdcacf3693e0b50e83a36);2021-01-26 06:09:01;2021-01-26 06:09:01;2021-01-26 06:09:02;2021-01-26 06:09:02;2021-01-26 06:09:02;250.0;2021-01-11 00:00:00;10;FINISHED;10.00
600fb20b0a7214ada2000051;600fb1ac73c60b12049027bb;100;Receipt number 6 completed, bonus point schedule DEFAULT (5cefdcacf3693e0b50e83a36);2021-01-26 06:09:15;2021-01-26 06:09:15;2021-01-26 06:09:16;2021-01-26 06:09:16;2021-01-26 06:09:16;400.0;2021-01-26 06:09:15;1;FINISHED;9.99
6011f39c0a720f05350000b4;6011f31ea4b74c18d3a8c476;5;All-receipts receipt bonus;2021-01-27 23:13:32;2021-01-27 23:13:32;2021-01-27 23:13:38;2021-01-27 23:13:38;2021-01-27 23:13:32;5.0;2021-01-26 23:13:31;2;FINISHED;1.00
6010bdfa0a7214ada200005a;6010bddaa4b74c120bd19dfb;250;Receipt number 3 completed, bonus point schedule DEFAULT (5cefdcacf3693e0b50e83a36);2021-01-27 01:12:26;2021-01-27 01:12:26;2021-01-27 01:27:29;2021-01-27 01:27:29;2021-01-27 01:12:28;250.0;2021-01-26 00:00:00;5;FINISHED;50.00
6010be200a7214ada200005e;54943462e4b07e684157a532;5;All-receipts receipt bonus;2021-01-27 01:13:04;2021-01-27 01:13:04;2021-01-27 01:13:05;2021-01-27 01:13:05;2021-01-27 01:13:05;5.0;2021-01-26 01:13:04;1;FINISHED;1.00
6011f3490a7214ada200010e;6011f31ea4b74c18d3a8c476;5;All-receipts receipt bonus;2021-01-27 23:12:09;2021-01-27 23:12:09;2021-01-27 23:12:11;2021-01-27 23:12:15;2021-01-27 23:12:11;10199.8;2021-01-26 23:12:09;2;FINISHED;11.00
60118c0f0a7214ada200007e;60118c0fa4b74c18d3a8c151;750;Receipt number 1 completed, bonus point schedule DEFAULT (5cefdcacf3693e0b50e83a36);2021-01-27 15:51:43;2021-01-27 15:51:43;2021-01-27 15:51:44;2021-01-27 15:51:48;2021-01-27 15:51:44;850.0;2021-01-27 00:00:00;4;FINISHED;21.00
60118bea0a720f0535000064;60118beaa4b74c18d3a8c0f8;750;Receipt number 1 completed, bonus point schedule DEFAULT (5cefdcacf3693e0b50e83a36);2021-01-27 15:51:06;2021-01-27 15:51:06;2021-01-27 15:51:07;2021-01-27 15:51:12;2021-01-27 15:51:07;4850.0;2021-01-26 15:51:06;1;FINISHED;3.25
60118c150a720f053500006d;60118c0fa4b74c18d3a8c151;5;All-receipts receipt bonus;2021-01-27 15:51:49;2021-01-27 15:51:49;2021-01-27 15:51:50;2021-01-27 15:51:54;2021-01-27 15:51:50;5.0;2021-01-27 00:00:00;4;FINISHED;25.00
6010be3f0a7214ada2000063;6010bddaa4b74c120bd19dfb;5;All-receipts receipt bonus;2021-01-27 01:13:35;2021-01-27 01:13:35;2021-01-27 01:13:36;2021-01-27 01:13:36;2021-01-27 01:13:36;5.0;2021-01-27 01:13:35;1;FINISHED;2.23
6010bdf60a7214ada2000059;6010bdf673c60b120490404e;750;Receipt number 1 completed, bonus point schedule DEFAULT (5cefdcacf3693e0b50e83a36);2021-01-27 01:12:22;2021-01-27 01:12:22;2021-01-27 01:12:24;2021-01-27 01:12:28;2021-01-27 01:12:24;5850.0;2021-01-26 01:12:22;1;FINISHED;3.25
60118c3b0a7214ada2000089;60118bcfa4b74c18d3a8c0d7;;;2021-01-27 15:52:27;2021-01-27 15:52:27;;2021-01-27 15:52:28;;;2017-10-30 00:00:00;3;REJECTED;3.00
6010be5a0a720f053500005a;6010bddaa4b74c120bd19dfb;25;COMPLETE_NONPARTNER_RECEIPT;2021-01-27 01:14:02;2021-01-27 01:14:02;2021-01-27 01:14:02;2021-01-27 01:14:02;2021-01-27 01:14:02;25.0;2021-01-26 01:14:02;1;FINISHED;1.00
6011f4380a720f05350000b9;6011f31ea4b74c18d3a8c476;5;All-receipts receipt bonus;2021-01-27 23:16:08;2021-01-27 23:16:08;;2021-01-27 23:16:09;2021-01-27 23:16:09;5.0;2021-01-26 23:16:08;1;FLAGGED;1.00
6010be180a7214ada200005d;6010be18a4b74c120bd19e43;750;Receipt number 1 completed, bonus point schedule DEFAULT (5cefdcacf3693e0b50e83a36);2021-01-27 01:12:56;2021-01-27 01:12:56;;2021-01-27 01:12:57;2021-01-27 01:12:56;750.0;2021-01-26 01:12:56;1;FLAGGED;1.00
6010bdef0a720f0535000053;6010bddaa4b74c120bd19dfb;750;Receipt number 1 completed, bonus point schedule DEFAULT (5cefdcacf3693e0b50e83a36);2021-01-27 01:12:15;2021-01-27 01:12:15;2021-01-27 01:12:17;2021-01-27 01:12:22;2021-01-27 01:12:17;760.0;2021-01-26 01:12:15;1;FINISHED;1.00
6010bdfd0a720f0535000055;6010bddaa4b74c120bd19dfb;300;Receipt number 4 completed, bonus point schedule DEFAULT (5cefdcacf3693e0b50e83a36);2021-01-27 01:12:29;2021-01-27 01:12:29;2021-01-27 01:12:32;2021-01-27 01:12:32;2021-01-27 01:12:31;400.0;2021-01-20 00:00:00;1;FINISHED;10.00
6010be0a0a7214ada200005b;6010bddaa4b74c120bd19dfb;150;Receipt number 5 completed, bonus point schedule DEFAULT (5cefdcacf3693e0b50e83a36);2021-01-27 01:12:42;2021-01-27 01:12:42;2021-01-27 01:12:43;2021-01-27 01:12:43;2021-01-27 01:12:43;250.0;2021-01-20 00:00:00;1;FINISHED;10.00
5fa8d5790a7214adc30001c4;5fa8d542b055fd1dfdf09517;5;All-receipts receipt bonus;2020-11-09 05:36:57;2020-11-09 05:36:57;2021-01-27 01:28:21;2021-01-27 01:28:21;2021-01-27 01:28:21;94.6;2020-11-08 05:36:57;6;FINISHED;14.00
60118bd30a720f0535000062;54943462e4b07e684157a532;5;All-receipts receipt bonus;2021-01-27 15:50:43;2021-01-27 15:50:43;2021-01-27 15:50:56;2021-01-27 15:51:00;2021-01-27 15:50:49;1005.0;2021-01-26 15:50:43;2;FINISHED;11.00
6011f3390a720f05350000af;6011f33173c60b1804ce1102;5;All-receipts receipt bonus;2021-01-27 23:11:53;2021-01-27 23:11:53;2021-01-27 23:11:54;2021-01-27 23:11:59;2021-01-27 23:11:54;5.0;2021-01-27 00:00:00;1;FINISHED;29.00
6010be1c0a720f0535000057;6010be1c73c60b1204904079;750;Receipt number 1 completed, bonus point schedule DEFAULT (5cefdcacf3693e0b50e83a36);2021-01-27 01:13:00;2021-01-27 01:13:00;;2021-01-27 01:13:03;2021-01-27 01:13:03;810.0;2021-01-26 01:13:00;5;FLAGGED;13.00
60118c340a720f0535000073;60118bcfa4b74c18d3a8c0d7;5;All-receipts receipt bonus;2021-01-27 15:52:20;2021-01-27 15:52:20;2021-01-27 15:52:21;2021-01-27 15:52:21;2021-01-27 15:52:21;5.0;2021-01-27 15:52:20;1;FINISHED;2.23
60118be80a7214ada2000075;60118bcfa4b74c18d3a8c0d7;250;Receipt number 3 completed, bonus point schedule DEFAULT (5cefdcacf3693e0b50e83a36);2021-01-27 15:51:04;2021-01-27 15:51:04;;2021-01-27 15:51:05;;250.0;2021-01-26 15:51:04;1;FLAGGED;1.00
6010be460a7214ada2000066;6010bddaa4b74c120bd19dfb;;;2021-01-27 01:13:42;2021-01-27 01:13:42;;2021-01-27 01:13:53;;;2017-10-30 00:00:00;3;REJECTED;3.00
6011f33a0a7214ada200010b;6011f33173c60b1804ce1102;5;All-receipts receipt bonus;2021-01-27 23:11:54;2021-01-27 23:11:54;2021-01-27 23:11:55;2021-01-27 23:12:00;2021-01-27 23:11:55;5.0;2021-01-27 00:00:00;1;FINISHED;20.00
60118be20a7214ada2000074;60118bcfa4b74c18d3a8c0d7;750;Receipt number 1 completed, bonus point schedule DEFAULT (5cefdcacf3693e0b50e83a36);2021-01-27 15:50:58;2021-01-27 15:50:58;2021-01-27 15:51:00;2021-01-27 15:51:06;2021-01-27 15:51:00;760.0;2021-01-26 15:50:58;1;FINISHED;1.00
6011f3360a7214ada2000109;6011f33173c60b1804ce1102;5;All-receipts receipt bonus;2021-01-27 23:11:50;2021-01-27 23:11:50;2021-01-27 23:11:51;2021-01-27 23:11:56;2021-01-27 23:11:51;5.0;2021-01-27 00:00:00;5;FINISHED;21.00
60118c0a0a720f0535000067;60118c09a4b74c18d3a8c12e;750;Receipt number 1 completed, bonus point schedule DEFAULT (5cefdcacf3693e0b50e83a36);2021-01-27 15:51:38;2021-01-27 15:51:38;2021-01-27 15:51:38;2021-01-27 15:51:44;2021-01-27 15:51:38;1850.0;2021-01-27 00:00:00;6;FINISHED;28.00
60118bf90a7214ada2000079;60118bcfa4b74c18d3a8c0d7;150;Receipt number 5 completed, bonus point schedule DEFAULT (5cefdcacf3693e0b50e83a36);2021-01-27 15:51:21;2021-01-27 15:51:21;2021-01-27 15:51:22;2021-01-27 15:51:22;2021-01-27 15:51:22;150.0;2021-01-20 00:00:00;1;FINISHED;10.00
5fa8d5730a7214adc30001c3;5fa8d573770b516dda4f4d21;750;Receipt number 1 completed, bonus point schedule DEFAULT (5cefdcacf3693e0b50e83a36);2020-11-09 05:36:51;2020-11-09 05:36:51;;2021-01-27 01:13:20;2020-11-09 05:36:52;750.0;2020-11-08 05:36:51;11;REJECTED;1.00
6010be6a0a720f053500005c;6010be6673c60b12049040ef;150;Receipt number 5 completed, bonus point schedule DEFAULT (5cefdcacf3693e0b50e83a36);2021-01-27 01:14:18;2021-01-27 01:14:18;2021-01-27 01:14:18;2021-01-27 01:14:23;2021-01-27 01:14:18;150.0;2021-01-27 00:00:00;4;FINISHED;22.00
6012e64e0a720f05f8000031;5fa41775898c7a11a6bcef3e;;;2021-01-28 16:29:02;2021-01-28 16:29:02;2021-01-28 16:29:03;2021-01-28 16:29:03;2021-01-28 16:29:03;840.0;2021-01-28 00:00:00;4;FINISHED;84.00
6012e66c0a720f05f800004d;5fa41775898c7a11a6bcef3e;;;2021-01-28 16:29:32;2021-01-28 16:29:32;2021-01-28 16:29:33;2021-01-28 16:29:33;2021-01-28 16:29:33;840.0;2021-01-28 00:00:00;4;FINISHED;84.00
6012e65b0a720f05f800003d;5fa41775898c7a11a6bcef3e;;;2021-01-28 16:29:15;2021-01-28 16:29:15;2021-01-28 16:29:16;2021-01-28 16:29:16;2021-01-28 16:29:16;840.0;2021-01-28 00:00:00;4;FINISHED;84.00
6013410c0a7214ad5000002a;5fa41775898c7a11a6bcef3e;;;2021-01-28 22:56:12;2021-01-28 22:56:12;2021-01-28 22:56:12;2021-01-28 22:56:12;2021-01-28 22:56:12;840.0;2021-01-28 00:00:00;4;FINISHED;84.00
601340ff0a7214ad50000024;5fa41775898c7a11a6bcef3e;;;2021-01-28 22:55:59;2021-01-28 22:55:59;2021-01-28 22:56:00;2021-01-28 22:56:00;2021-01-28 22:56:00;840.0;2021-01-28 00:00:00;4;FINISHED;84.00
6012ea2d0a720f05f8000068;6012e1e6a4b74c3cbc516088;750;Receipt number 1 completed, bonus point schedule DEFAULT (5cefdcacf3693e0b50e83a36);2021-01-28 16:45:33;2021-01-28 16:45:33;2021-01-28 16:45:40;2021-01-28 16:45:41;2021-01-28 16:45:40;1049.8;2021-01-28 00:00:00;2;FINISHED;29.98
60132b1f0a7214ad5000000c;60132acb73c60b3ca7f3ba32;5;All-receipts receipt bonus;2021-01-28 21:22:39;2021-01-28 21:22:39;2021-01-28 21:22:40;2021-01-28 21:22:40;2021-01-28 21:22:40;5.0;2021-01-27 21:22:39;1;FINISHED;1.00
60132ae40a7214ad50000007;60132acb73c60b3ca7f3ba32;250;Receipt number 3 completed, bonus point schedule DEFAULT (5cefdcacf3693e0b50e83a36);2021-01-28 21:21:40;2021-01-28 21:21:40;2021-01-28 21:21:41;2021-01-28 21:21:41;2021-01-28 21:21:40;250.0;2021-01-21 00:00:00;1;FINISHED;10.00
60132aef0a720f05f800006d;60132acb73c60b3ca7f3ba32;300;Receipt number 4 completed, bonus point schedule DEFAULT (5cefdcacf3693e0b50e83a36);2021-01-28 21:21:51;2021-01-28 21:21:51;2021-01-28 21:21:52;2021-01-28 21:21:52;2021-01-28 21:21:52;300.0;2021-01-21 00:00:00;1;FINISHED;10.00
601341150a7214ad5000002e;5fa41775898c7a11a6bcef3e;;;2021-01-28 22:56:21;2021-01-28 22:56:21;2021-01-28 22:56:21;2021-01-28 22:56:21;2021-01-28 22:56:21;840.0;2021-01-28 00:00:00;4;FINISHED;84.00
6012e6380a720f05f800001c;5fa41775898c7a11a6bcef3e;;;2021-01-28 16:28:40;2021-01-28 16:28:40;2021-01-28 16:28:40;2021-01-28 16:28:40;2021-01-28 16:28:40;840.0;2021-01-28 00:00:00;4;FINISHED;84.00
6012e62d0a720f05f8000012;5fa41775898c7a11a6bcef3e;;;2021-01-28 16:28:29;2021-01-28 16:28:29;2021-01-28 16:28:30;2021-01-28 16:28:30;2021-01-28 16:28:30;840.0;2021-01-28 00:00:00;4;FINISHED;84.00
601341040a7214ad50000026;5fa41775898c7a11a6bcef3e;;;2021-01-28 22:56:04;2021-01-28 22:56:04;2021-01-28 22:56:04;2021-01-28 22:56:04;2021-01-28 22:56:04;840.0;2021-01-28 00:00:00;4;FINISHED;84.00
6012e64f0a720f05f8000032;5fa41775898c7a11a6bcef3e;;;2021-01-28 16:29:03;2021-01-28 16:29:03;2021-01-28 16:29:04;2021-01-28 16:29:04;2021-01-28 16:29:04;840.0;2021-01-28 00:00:00;4;FINISHED;84.00
601340fc0a720f05f8000089;5fa41775898c7a11a6bcef3e;;;2021-01-28 22:55:56;2021-01-28 22:55:56;2021-01-28 22:55:56;2021-01-28 22:55:56;2021-01-28 22:55:56;840.0;2021-01-28 00:00:00;4;FINISHED;84.00
60132b740a7214ad50000012;60132acb73c60b3ca7f3ba32;5;All-receipts receipt bonus;2021-01-28 21:24:04;2021-01-28 21:24:04;2021-01-28 21:24:11;2021-01-28 21:24:11;2021-01-28 21:24:05;5.0;2021-01-27 21:24:03;2;FINISHED;1.00
6012e6430a720f05f8000026;5fa41775898c7a11a6bcef3e;;;2021-01-28 16:28:51;2021-01-28 16:28:51;2021-01-28 16:28:51;2021-01-28 16:28:51;2021-01-28 16:28:51;840.0;2021-01-28 00:00:00;4;FINISHED;84.00
60132b860a720f05f8000075;60132b85a4b74c3cbc516295;750;Receipt number 1 completed, bonus point schedule DEFAULT (5cefdcacf3693e0b50e83a36);2021-01-28 21:24:22;2021-01-28 21:24:22;2021-01-28 21:24:23;2021-01-28 21:24:27;2021-01-28 21:24:23;850.0;2021-01-28 00:00:00;1;FINISHED;24.00
601341160a720f05f8000095;5fa41775898c7a11a6bcef3e;;;2021-01-28 22:56:22;2021-01-28 22:56:22;2021-01-28 22:56:22;2021-01-28 22:56:22;2021-01-28 22:56:22;840.0;2021-01-28 00:00:00;4;FINISHED;84.00
6012e6750a720f05f8000055;5fa41775898c7a11a6bcef3e;;;2021-01-28 16:29:41;2021-01-28 16:29:41;2021-01-28 16:29:42;2021-01-28 16:29:42;2021-01-28 16:29:42;840.0;2021-01-28 00:00:00;4;FINISHED;84.00
6012e6620a720f05f8000043;5fa41775898c7a11a6bcef3e;;;2021-01-28 16:29:22;2021-01-28 16:29:22;2021-01-28 16:29:22;2021-01-28 16:29:22;2021-01-28 16:29:22;840.0;2021-01-28 00:00:00;4;FINISHED;84.00
6012e6840a720f05f8000063;5fa41775898c7a11a6bcef3e;;;2021-01-28 16:29:56;2021-01-28 16:29:56;2021-01-28 16:29:56;2021-01-28 16:29:56;2021-01-28 16:29:56;840.0;2021-01-28 00:00:00;4;FINISHED;84.00
6012e6210a720f05f8000007;5fa41775898c7a11a6bcef3e;100;Receipt number 6 completed, bonus point schedule DEFAULT (5cefdcacf3693e0b50e83a36);2021-01-28 16:28:17;2021-01-28 16:28:17;2021-01-28 16:28:18;2021-01-28 16:28:18;2021-01-28 16:28:18;940.0;2021-01-28 00:00:00;4;FINISHED;84.00
6012e6710a720f05f8000051;5fa41775898c7a11a6bcef3e;;;2021-01-28 16:29:37;2021-01-28 16:29:37;2021-01-28 16:29:37;2021-01-28 16:29:37;2021-01-28 16:29:37;840.0;2021-01-28 00:00:00;4;FINISHED;84.00
600f2fc80a720f0535000030;600f29a64329897eac239049;750;Receipt number 1 completed, bonus point schedule DEFAULT (5cefdcacf3693e0b50e83a36);2021-01-25 20:53:28;2021-01-25 20:53:28;2021-01-25 22:04:23;2021-01-28 22:37:02;2021-01-25 22:04:23;4944.7;2021-01-24 00:00:00;689;FINISHED;4566.17
60132b890a7214ad50000013;60132b8873c60b3ca7f3bae8;;;2021-01-28 21:24:25;2021-01-28 21:24:25;;2021-01-28 21:24:25;;;;0;FLAGGED;0.00
6012e6850a720f05f8000064;5fa41775898c7a11a6bcef3e;;;2021-01-28 16:29:57;2021-01-28 16:29:57;2021-01-28 16:29:58;2021-01-28 16:29:58;2021-01-28 16:29:58;840.0;2021-01-28 00:00:00;4;FINISHED;84.00
60132b960a720f05f800007a;60132b8b73c60b3ca7f3baee;5;All-receipts receipt bonus;2021-01-28 21:24:38;2021-01-28 21:24:38;2021-01-28 21:24:39;2021-01-28 21:24:43;2021-01-28 21:24:39;5.0;2021-01-28 00:00:00;4;FINISHED;20.00
6012e6660a720f05f8000047;5fa41775898c7a11a6bcef3e;;;2021-01-28 16:29:26;2021-01-28 16:29:26;2021-01-28 16:29:26;2021-01-28 16:29:26;2021-01-28 16:29:26;840.0;2021-01-28 00:00:00;4;FINISHED;84.00
6013410f0a720f05f8000092;5fa41775898c7a11a6bcef3e;;;2021-01-28 22:56:15;2021-01-28 22:56:15;2021-01-28 22:56:16;2021-01-28 22:56:16;2021-01-28 22:56:16;840.0;2021-01-28 00:00:00;4;FINISHED;84.00
601443720a7214ad50000063;601442ce67804a1228b1dc41;25;COMPLETE_NONPARTNER_RECEIPT;2021-01-29 17:18:42;2021-01-29 17:18:42;2021-01-29 17:18:43;2021-01-29 17:18:47;2021-01-29 17:18:43;35.0;2021-01-28 17:18:41;1;FINISHED;1.00
601448f30a720f05f80000d9;6014485b84231211ce793d79;250;Receipt number 3 completed, bonus point schedule DEFAULT (5cefdcacf3693e0b50e83a36);2021-01-29 17:42:11;2021-01-29 17:42:11;2021-01-29 17:42:11;2021-01-29 17:42:11;2021-01-29 17:42:11;375.0;2021-01-24 06:00:00;5;FINISHED;25.00
601431db0a720f05f80000a8;6014319173c60b3ca7f3bf01;5;All-receipts receipt bonus;2021-01-29 16:03:39;2021-01-29 16:03:39;2021-01-29 16:03:45;2021-01-29 16:03:45;2021-01-29 16:03:40;5.0;2021-01-28 16:03:39;2;FINISHED;1.00
601443600a7214ad50000060;6014436084231211ce793ced;5;All-receipts receipt bonus;2021-01-29 17:18:24;2021-01-29 17:18:24;;2021-01-29 17:18:29;;5;2021-01-29 00:00:00;1;REJECTED;10.00
60145a3d0a7214ad50000082;60145a3c84231211ce796c5d;750;Receipt number 1 completed, bonus point schedule DEFAULT (5cefdcacf3693e0b50e83a36);2021-01-29 18:55:57;2021-01-29 18:55:57;2021-01-29 18:56:00;2021-01-29 18:56:00;2021-01-29 18:56:00;750.0;2021-02-28 18:55:58;1;FINISHED;1.00
60144aee0a720f05f80000f1;6014499c67804a1228b1f5b0;100;Receipt number 6 completed, bonus point schedule DEFAULT (5cefdcacf3693e0b50e83a36);2021-01-29 17:50:38;2021-01-29 17:50:38;2021-01-29 17:50:39;2021-01-29 17:50:39;2021-01-29 17:50:39;100.0;2021-01-13 17:50:38;1;FINISHED;1.00
601431e40a7214ad50000041;6014319173c60b3ca7f3bf01;;;2021-01-29 16:03:48.176000;2021-01-29 16:03:48.176000;2021-01-29 16:03:48.207000;2021-01-29 16:03:48.176000;;;2021-01-29 00:00:00;;PENDING;2.23
60147ba00a7214ad500000d3;60147a84c8b50e11d8453f29;500;Receipt number 2 completed, bonus point schedule DEFAULT (5cefdcacf3693e0b50e83a36);2021-01-29 21:18:24;2021-01-29 21:18:24;2021-01-29 21:18:33;2021-01-29 21:18:33;2021-01-29 21:18:33;1499.5;2021-01-29 00:00:00;5;FINISHED;99.95
601487f80a720f05f800018d;5fc961c3b8cfca11a077dd33;;;2021-01-29 22:11:04.138000;2021-01-29 22:11:04.138000;;2021-01-29 22:11:04.138000;;;;;SUBMITTED;
601465b00a7214ad5000009f;601465a884231211ce796db3;5;All-receipts receipt bonus;2021-01-29 19:44:48;2021-01-29 19:44:48;2021-01-29 19:44:49;2021-01-29 19:44:53;2021-01-29 19:44:49;5.0;2021-01-29 00:00:00;1;FINISHED;28.00
60145a540a720f05f8000116;60145a5467804a1228b20ded;;;2021-01-29 18:56:20;2021-01-29 18:56:20;;2021-01-29 18:56:20;;;;0;FLAGGED;0.00
601472e20a7214ad500000ce;60145ff384231211ce796d51;;;2021-01-29 20:41:06;2021-01-29 20:41:06;2021-01-29 20:41:07;2021-01-29 21:07:34;2021-01-29 20:41:07;840.0;2021-01-29 00:00:00;4;FINISHED;84.00
601442dd0a7214ad50000054;601442ce67804a1228b1dc41;250;Receipt number 3 completed, bonus point schedule DEFAULT (5cefdcacf3693e0b50e83a36);2021-01-29 17:16:13;2021-01-29 17:16:13;2021-01-29 17:16:13;2021-01-29 17:16:14;2021-01-29 17:16:13;250.0;2021-01-28 17:16:13;1;FINISHED;1.00
601443310a720f05f80000c6;601442ce67804a1228b1dc41;25;COMPLETE_NONPARTNER_RECEIPT;2021-01-29 17:17:37;2021-01-29 17:17:37;2021-01-29 17:17:38;2021-01-29 17:17:38;2021-01-29 17:17:38;25.0;2021-01-22 00:00:00;1;FINISHED;10.00
60145a510a7214ad50000086;60145a5167804a1228b20ddd;5;All-receipts receipt bonus;2021-01-29 18:56:17;2021-01-29 18:56:17;;2021-01-29 18:56:22;;5;2021-01-29 00:00:00;1;REJECTED;10.00
60145a960a7214ad50000095;60145a3c84231211ce796c5d;5;All-receipts receipt bonus;2021-01-29 18:57:25;2021-01-29 18:57:25;2021-01-29 18:57:31;2021-01-29 18:57:31;2021-01-29 18:57:26;5.0;2021-01-28 18:57:25;2;FINISHED;1.00
601465f40a720f05f8000137;6014658e67804a1228b20ef4;;;2021-01-29 19:45:56;2021-01-29 19:45:56;2021-01-29 19:45:57;2021-01-29 19:45:57;2021-01-29 19:45:57;100.0;2021-01-22 00:00:00;1;FINISHED;10.00
60145a830a7214ad5000008f;60145a3c84231211ce796c5d;150;Receipt number 5 completed, bonus point schedule DEFAULT (5cefdcacf3693e0b50e83a36);2021-01-29 18:57:07;2021-01-29 18:57:07;2021-01-29 18:57:08;2021-01-29 18:57:13;2021-01-29 18:57:07;3250.0;2021-01-28 18:57:07;2;FINISHED;11.00
601432400a7214ad50000043;6014319173c60b3ca7f3bf01;25;COMPLETE_NONPARTNER_RECEIPT;2021-01-29 16:05:20;2021-01-29 16:05:20;2021-01-29 16:05:22;2021-01-29 16:05:26;2021-01-29 16:05:22;35.0;2021-01-28 16:05:20;1;FINISHED;1.00
601442570a7214ad5000004b;54943462e4b07e684157a532;5;All-receipts receipt bonus;2021-01-29 17:13:59;2021-01-29 17:13:59;2021-01-29 17:14:01;2021-01-29 17:14:01;2021-01-29 17:14:01;5.0;2021-01-28 17:13:59;1;FINISHED;1.00
601455a80a720f05f8000107;6014554a67804a1228b20ca9;5;All-receipts receipt bonus;2021-01-29 18:36:24;2021-01-29 18:36:24;2021-01-29 18:36:30;2021-01-29 18:36:30;2021-01-29 18:36:25;5.0;2021-01-28 18:36:24;2;FINISHED;1.00
601455820a720f05f80000fb;6014558284231211ce796b88;5;All-receipts receipt bonus;2021-01-29 18:35:46;2021-01-29 18:35:46;;2021-01-29 18:35:52;;5;2021-01-29 00:00:00;1;REJECTED;10.00
6014323b0a720f05f80000b2;54943462e4b07e684157a532;5;All-receipts receipt bonus;2021-01-29 16:05:15;2021-01-29 16:05:15;2021-01-29 16:05:19;2021-01-29 16:05:23;2021-01-29 16:05:17;5.0;2021-01-28 16:05:15;2;FINISHED;11.00
601442710a720f05f80000bb;601441a984231211ce792603;5;All-receipts receipt bonus;2021-01-29 17:14:25;2021-01-29 17:14:25;2021-01-29 17:14:25;2021-01-29 17:14:25;2021-01-29 17:14:25;5.0;2021-01-24 06:00:00;5;FINISHED;25.00
6014435e0a720f05f80000d1;6014435467804a1228b1dcaf;5;All-receipts receipt bonus;2021-01-29 17:18:22;2021-01-29 17:18:22;2021-01-29 17:18:22;2021-01-29 17:18:27;2021-01-29 17:18:22;5.0;2021-01-29 00:00:00;1;FINISHED;28.00
60144adf0a720f05f80000ef;6014499c67804a1228b1f5b0;250;Receipt number 3 completed, bonus point schedule DEFAULT (5cefdcacf3693e0b50e83a36);2021-01-29 17:50:23;2021-01-29 17:50:23;2021-01-29 17:50:24;2021-01-29 17:50:24;2021-01-29 17:50:24;250.0;2021-01-28 17:50:23;1;FINISHED;10.00
601455900a720f05f8000102;6014558767804a1228b20d00;5;All-receipts receipt bonus;2021-01-29 18:36:00;2021-01-29 18:36:00;2021-01-29 18:36:01;2021-01-29 18:36:06;2021-01-29 18:36:01;5.0;2021-01-29 00:00:00;5;FINISHED;21.00
601448fe0a720f05f80000df;6014485b84231211ce793d79;45;COMPLETE_PARTNER_RECEIPT;2021-01-29 17:42:22;2021-01-29 17:42:22;2021-01-29 17:42:23;2021-01-29 17:42:23;2021-01-29 17:42:23;50.0;2021-01-28 17:42:22;1;FINISHED;1.00
601487e20a7214ad5000010d;5fc961c3b8cfca11a077dd33;;;2021-01-29 22:10:42.803000;2021-01-29 22:10:42.803000;;2021-01-29 22:10:42.803000;;;;;SUBMITTED;
60146fbd0a7214ad500000ba;60146f2ac8b50e11d8452661;5;All-receipts receipt bonus;2021-01-29 20:27:41;2021-01-29 20:27:41;2021-01-29 20:27:42;2021-01-29 20:27:42;2021-01-29 20:27:42;5.0;2021-01-26 06:00:00;5;FINISHED;49.95
601510460a7214ad5000014a;5fc961c3b8cfca11a077dd33;;;2021-01-30 07:52:38.648000;2021-01-30 07:52:38.648000;;2021-01-30 07:52:38.648000;;;;;SUBMITTED;
60157c190a720f05f80001eb;5fc961c3b8cfca11a077dd33;;;2021-01-30 15:32:41.127000;2021-01-30 15:32:41.127000;;2021-01-30 15:32:41.127000;;;;;SUBMITTED;
6014aa550a720f05f800019b;5fc961c3b8cfca11a077dd33;;;2021-01-30 00:37:41.234000;2021-01-30 00:37:41.234000;;2021-01-30 00:37:41.234000;;;;;SUBMITTED;
60155a1b0a7214ad50000170;5fc961c3b8cfca11a077dd33;;;2021-01-30 13:07:39.113000;2021-01-30 13:07:39.113000;;2021-01-30 13:07:39.113000;;;;;SUBMITTED;
6015010b0a7214ad50000143;5fc961c3b8cfca11a077dd33;;;2021-01-30 06:47:39.335000;2021-01-30 06:47:39.335000;;2021-01-30 06:47:39.335000;;;;;SUBMITTED;
6015556b0a720f05f80001db;5fc961c3b8cfca11a077dd33;;;2021-01-30 12:47:39.315000;2021-01-30 12:47:39.315000;;2021-01-30 12:47:39.315000;;;;;SUBMITTED;
6015048f0a720f05f80001bf;5fc961c3b8cfca11a077dd33;;;2021-01-30 07:02:39.687000;2021-01-30 07:02:39.687000;;2021-01-30 07:02:39.687000;;;;;SUBMITTED;
601581f40a7214ad50000181;5fc961c3b8cfca11a077dd33;;;2021-01-30 15:57:40.057000;2021-01-30 15:57:40.057000;;2021-01-30 15:57:40.057000;;;;;SUBMITTED;
6014a4760a7214ad50000116;5fc961c3b8cfca11a077dd33;;;2021-01-30 00:12:38.818000;2021-01-30 00:12:38.818000;;2021-01-30 00:12:38.818000;;;;;SUBMITTED;
6015a06b0a7214ad5000018d;5fc961c3b8cfca11a077dd33;;;2021-01-30 18:07:39.759000;2021-01-30 18:07:39.759000;;2021-01-30 18:07:39.759000;;;;;SUBMITTED;
6015d9d80a720f05f8000219;5fc961c3b8cfca11a077dd33;;;2021-01-30 22:12:40.797000;2021-01-30 22:12:40.797000;;2021-01-30 22:12:40.797000;;;;;SUBMITTED;
6014e99b0a7214ad50000137;5fc961c3b8cfca11a077dd33;;;2021-01-30 05:07:39.747000;2021-01-30 05:07:39.747000;;2021-01-30 05:07:39.747000;;;;;SUBMITTED;
6014dde60a7214ad50000132;5fc961c3b8cfca11a077dd33;;;2021-01-30 04:17:42.100000;2021-01-30 04:17:42.100000;;2021-01-30 04:17:42.100000;;;;;SUBMITTED;
6015f2730a720f05f8000224;5fc961c3b8cfca11a077dd33;;;2021-01-30 23:57:39.692000;2021-01-30 23:57:39.692000;;2021-01-30 23:57:39.692000;;;;;SUBMITTED;
6015c13b0a720f05f800020e;5fc961c3b8cfca11a077dd33;;;2021-01-30 20:27:39.329000;2021-01-30 20:27:39.329000;;2021-01-30 20:27:39.329000;;;;;SUBMITTED;
6015d8ab0a720f05f8000218;5fc961c3b8cfca11a077dd33;;;2021-01-30 22:07:39.165000;2021-01-30 22:07:39.165000;;2021-01-30 22:07:39.165000;;;;;SUBMITTED;
6015a2c30a7214ad5000018e;5fc961c3b8cfca11a077dd33;;;2021-01-30 18:17:39.282000;2021-01-30 18:17:39.282000;;2021-01-30 18:17:39.282000;;;;;SUBMITTED;
6015268a0a7214ad50000155;5fc961c3b8cfca11a077dd33;;;2021-01-30 09:27:38.821000;2021-01-30 09:27:38.821000;;2021-01-30 09:27:38.821000;;;;;SUBMITTED;
6014f5520a720f05f80001ba;5fc961c3b8cfca11a077dd33;;;2021-01-30 05:57:38.081000;2021-01-30 05:57:38.081000;;2021-01-30 05:57:38.081000;;;;;SUBMITTED;
60150cc40a720f05f80001c3;5fc961c3b8cfca11a077dd33;;;2021-01-30 07:37:40.084000;2021-01-30 07:37:40.084000;;2021-01-30 07:37:40.084000;;;;;SUBMITTED;
6015d0780a720f05f8000214;5fc961c3b8cfca11a077dd33;;;2021-01-30 21:32:40.359000;2021-01-30 21:32:40.359000;;2021-01-30 21:32:40.359000;;;;;SUBMITTED;
6014d3560a720f05f80001ad;5fc961c3b8cfca11a077dd33;;;2021-01-30 03:32:38.904000;2021-01-30 03:32:38.904000;;2021-01-30 03:32:38.904000;;;;;SUBMITTED;
6014cfd30a7214ad5000012b;5fc961c3b8cfca11a077dd33;;;2021-01-30 03:17:39.855000;2021-01-30 03:17:39.855000;;2021-01-30 03:17:39.855000;;;;;SUBMITTED;
6015938d0a720f05f80001f6;5fc961c3b8cfca11a077dd33;;;2021-01-30 17:12:45.453000;2021-01-30 17:12:45.453000;;2021-01-30 17:12:45.453000;;;;;SUBMITTED;
601542ab0a720f05f80001d5;5fc961c3b8cfca11a077dd33;;;2021-01-30 11:27:39.173000;2021-01-30 11:27:39.173000;;2021-01-30 11:27:39.173000;;;;;SUBMITTED;
601561230a7214ad50000173;5fc961c3b8cfca11a077dd33;;;2021-01-30 13:37:39.892000;2021-01-30 13:37:39.892000;;2021-01-30 13:37:39.892000;;;;;SUBMITTED;
601551e70a7214ad5000016c;5fc961c3b8cfca11a077dd33;;;2021-01-30 12:32:39.599000;2021-01-30 12:32:39.599000;;2021-01-30 12:32:39.599000;;;;;SUBMITTED;
6015970b0a7214ad50000189;5fc961c3b8cfca11a077dd33;;;2021-01-30 17:27:39.236000;2021-01-30 17:27:39.236000;;2021-01-30 17:27:39.236000;;;;;SUBMITTED;
6015ca9c0a7214ad5000019c;5fc961c3b8cfca11a077dd33;;;2021-01-30 21:07:40.695000;2021-01-30 21:07:40.695000;;2021-01-30 21:07:40.695000;;;;;SUBMITTED;
6015637b0a7214ad50000175;5fc961c3b8cfca11a077dd33;;;2021-01-30 13:47:39.244000;2021-01-30 13:47:39.244000;;2021-01-30 13:47:39.244000;;;;;SUBMITTED;
6016560f0a7214ad500001dd;5fc961c3b8cfca11a077dd33;;;2021-01-31 07:02:39.108000;2021-01-31 07:02:39.108000;;2021-01-31 07:02:39.108000;;;;;SUBMITTED;
60171af00a7214ad50000229;5fc961c3b8cfca11a077dd33;;;2021-01-31 21:02:40.453000;2021-01-31 21:02:40.453000;;2021-01-31 21:02:40.453000;;;;;SUBMITTED;
601687480a720f05f800025b;5fc961c3b8cfca11a077dd33;;;2021-01-31 10:32:40.176000;2021-01-31 10:32:40.176000;;2021-01-31 10:32:40.176000;;;;;SUBMITTED;
6016acc60a720f05f800026e;5fc961c3b8cfca11a077dd33;;;2021-01-31 13:12:38.889000;2021-01-31 13:12:38.889000;;2021-01-31 13:12:38.889000;;;;;SUBMITTED;
60161ca50a7214ad500001be;5fc961c3b8cfca11a077dd33;;;2021-01-31 02:57:41.027000;2021-01-31 02:57:41.027000;;2021-01-31 02:57:41.027000;;;;;SUBMITTED;
6017082f0a720f05f800029b;5fc961c3b8cfca11a077dd33;;;2021-01-31 19:42:39.098000;2021-01-31 19:42:39.098000;;2021-01-31 19:42:39.098000;;;;;SUBMITTED;
60170e0c0a7214ad50000223;5fc961c3b8cfca11a077dd33;;;2021-01-31 20:07:40.789000;2021-01-31 20:07:40.789000;;2021-01-31 20:07:40.789000;;;;;SUBMITTED;
6016366a0a720f05f800023a;5fc961c3b8cfca11a077dd33;;;2021-01-31 04:47:38.552000;2021-01-31 04:47:38.552000;;2021-01-31 04:47:38.552000;;;;;SUBMITTED;
601602db0a7214ad500001b3;5fc961c3b8cfca11a077dd33;;;2021-01-31 01:07:39.603000;2021-01-31 01:07:39.603000;;2021-01-31 01:07:39.603000;;;;;SUBMITTED;
60173a940a7214ad50000235;5fc961c3b8cfca11a077dd33;;;2021-01-31 23:17:40.250000;2021-01-31 23:17:40.250000;;2021-01-31 23:17:40.250000;;;;;SUBMITTED;
6016d94f0a720f05f8000284;5fc961c3b8cfca11a077dd33;;;2021-01-31 16:22:39.390000;2021-01-31 16:22:39.390000;;2021-01-31 16:22:39.390000;;;;;SUBMITTED;
60169a070a720f05f8000264;5fc961c3b8cfca11a077dd33;;;2021-01-31 11:52:39.253000;2021-01-31 11:52:39.253000;;2021-01-31 11:52:39.253000;;;;;SUBMITTED;
6016e0570a720f05f8000289;5fc961c3b8cfca11a077dd33;;;2021-01-31 16:52:39.295000;2021-01-31 16:52:39.295000;;2021-01-31 16:52:39.295000;;;;;SUBMITTED;
601604070a7214ad500001b4;5fc961c3b8cfca11a077dd33;;;2021-01-31 01:12:39.642000;2021-01-31 01:12:39.642000;;2021-01-31 01:12:39.642000;;;;;SUBMITTED;
6017037e0a7214ad5000021f;5fc961c3b8cfca11a077dd33;;;2021-01-31 19:22:38.655000;2021-01-31 19:22:38.655000;;2021-01-31 19:22:38.655000;;;;;SUBMITTED;
60172b590a720f05f80002a9;5fc961c3b8cfca11a077dd33;;;2021-01-31 22:12:41.209000;2021-01-31 22:12:41.209000;;2021-01-31 22:12:41.209000;;;;;SUBMITTED;
6016dba70a720f05f8000285;5fc961c3b8cfca11a077dd33;;;2021-01-31 16:32:39.350000;2021-01-31 16:32:39.350000;;2021-01-31 16:32:39.350000;;;;;SUBMITTED;
6017419a0a7214ad50000239;5fc961c3b8cfca11a077dd33;;;2021-01-31 23:47:38.624000;2021-01-31 23:47:38.624000;;2021-01-31 23:47:38.624000;;;;;SUBMITTED;
601620270a7214ad500001c1;5fc961c3b8cfca11a077dd33;;;2021-01-31 03:12:39.608000;2021-01-31 03:12:39.608000;;2021-01-31 03:12:39.608000;;;;;SUBMITTED;
6016780d0a720f05f8000255;5fc961c3b8cfca11a077dd33;;;2021-01-31 09:27:41.327000;2021-01-31 09:27:41.327000;;2021-01-31 09:27:41.327000;;;;;SUBMITTED;
601617f20a720f05f8000232;5fc961c3b8cfca11a077dd33;;;2021-01-31 02:37:38.922000;2021-01-31 02:37:38.922000;;2021-01-31 02:37:38.922000;;;;;SUBMITTED;
6016df2c0a720f05f8000288;5fc961c3b8cfca11a077dd33;;;2021-01-31 16:47:40.316000;2021-01-31 16:47:40.316000;;2021-01-31 16:47:40.316000;;;;;SUBMITTED;
601729000a720f05f80002a8;5fc961c3b8cfca11a077dd33;;;2021-01-31 22:02:40.263000;2021-01-31 22:02:40.263000;;2021-01-31 22:02:40.263000;;;;;SUBMITTED;
601675b30a720f05f8000254;5fc961c3b8cfca11a077dd33;;;2021-01-31 09:17:39.142000;2021-01-31 09:17:39.142000;;2021-01-31 09:17:39.142000;;;;;SUBMITTED;
60166d7e0a7214ad500001e9;5fc961c3b8cfca11a077dd33;;;2021-01-31 08:42:38.837000;2021-01-31 08:42:38.837000;;2021-01-31 08:42:38.837000;;;;;SUBMITTED;
601711900a720f05f800029f;5fc961c3b8cfca11a077dd33;;;2021-01-31 20:22:40.099000;2021-01-31 20:22:40.099000;;2021-01-31 20:22:40.099000;;;;;SUBMITTED;
601721f90a720f05f80002a6;5fc961c3b8cfca11a077dd33;;;2021-01-31 21:32:41.008000;2021-01-31 21:32:41.008000;;2021-01-31 21:32:41.008000;;;;;SUBMITTED;
601697af0a720f05f8000263;5fc961c3b8cfca11a077dd33;;;2021-01-31 11:42:39.070000;2021-01-31 11:42:39.070000;;2021-01-31 11:42:39.070000;;;;;SUBMITTED;
6016bad70a7214ad50000205;5fc961c3b8cfca11a077dd33;;;2021-01-31 14:12:39.195000;2021-01-31 14:12:39.195000;;2021-01-31 14:12:39.195000;;;;;SUBMITTED;
60170bb30a720f05f800029d;5fc961c3b8cfca11a077dd33;;;2021-01-31 19:57:39.124000;2021-01-31 19:57:39.124000;;2021-01-31 19:57:39.124000;;;;;SUBMITTED;
601836c70a720f05f8000364;601836c2c8b50e11d8454b58;5;All-receipts receipt bonus;2021-02-01 17:13:43;2021-02-01 17:13:43;2021-02-01 17:13:44;2021-02-01 17:13:48;2021-02-01 17:13:44;5.0;2021-02-01 00:00:00;2;FINISHED;23.00
6017707d0a720f05f80002c7;5fc961c3b8cfca11a077dd33;;;2021-02-01 03:07:41.083000;2021-02-01 03:07:41.083000;;2021-02-01 03:07:41.083000;;;;;SUBMITTED;
601485340a720f05f8000167;60147d2ac8b50e11d8453f53;;;2021-01-29 21:59:16;2021-01-29 21:59:16;2021-01-29 21:59:16;2021-02-01 17:31:02;2021-01-29 21:59:16;209.9;2021-01-29 00:00:00;1;FINISHED;20.99
601830cd0a720f05f800034f;601830cdc8b50e11d8454a6f;;;2021-02-01 16:48:13;2021-02-01 16:48:13;;2021-02-01 16:48:13;;;;0;FLAGGED;0.00
601485370a720f05f8000172;60147d2ac8b50e11d8453f53;;;2021-01-29 21:59:19;2021-01-29 21:59:19;2021-01-29 21:59:19;2021-02-01 17:31:05;2021-01-29 21:59:19;209.8;2021-01-29 00:00:00;1;FINISHED;20.98
60182f290a720f05f800032f;60182f1dc8b50e11d84548c4;500;Receipt number 2 completed, bonus point schedule DEFAULT (5cefdcacf3693e0b50e83a36);2021-02-01 16:41:13;2021-02-01 16:41:13;2021-02-01 16:41:13;2021-02-01 16:41:13;2021-02-01 16:41:13;500.0;2021-03-01 16:41:13;1;FINISHED;1.00
601868260a720f05f400000e;60186237c8b50e11d8454d5f;;;2021-02-01 20:44:22.661000;2021-02-01 20:44:22.661000;;2021-02-01 20:44:22.661000;;;;;SUBMITTED;
6017e6d70a7214ad5000027f;5fc961c3b8cfca11a077dd33;;;2021-02-01 11:32:39.545000;2021-02-01 11:32:39.545000;;2021-02-01 11:32:39.545000;;;;;SUBMITTED;
601795fa0a7214ad5000025b;5fc961c3b8cfca11a077dd33;;;2021-02-01 05:47:38.755000;2021-02-01 05:47:38.755000;;2021-02-01 05:47:38.755000;;;;;SUBMITTED;
601890c70a7214ad28000028;601890689a1b091205b61c87;25;COMPLETE_NONPARTNER_RECEIPT;2021-02-01 23:37:43;2021-02-01 23:37:43;;2021-02-01 23:37:43;;25.0;2021-01-31 23:37:43;1;FLAGGED;1.00
60183c850a7214ad50000308;60183c839a1b091205b61aca;250;Receipt number 3 completed, bonus point schedule DEFAULT (5cefdcacf3693e0b50e83a36);2021-02-01 17:38:13;2021-02-01 17:38:13;2021-02-01 17:38:14;2021-02-01 17:38:18;2021-02-01 17:38:14;250.0;2021-02-01 00:00:00;3;FINISHED;27.00
601830ce0a7214ad500002df;601830ce9a1b091205b618e8;750;Receipt number 1 completed, bonus point schedule DEFAULT (5cefdcacf3693e0b50e83a36);2021-02-01 16:48:14;2021-02-01 16:48:14;2021-02-01 16:48:15;2021-02-01 16:48:19;2021-02-01 16:48:15;750.0;2021-02-01 00:00:00;5;FINISHED;28.00
60182f370a720f05f8000335;60182f1dc8b50e11d84548c4;5;All-receipts receipt bonus;2021-02-01 16:41:27;2021-02-01 16:41:27;2021-02-01 16:41:33;2021-02-01 16:41:33;2021-02-01 16:41:27;5.0;2021-01-31 16:41:27;2;FINISHED;1.00
60179e2e0a7214ad50000260;5fc961c3b8cfca11a077dd33;;;2021-02-01 06:22:38.932000;2021-02-01 06:22:38.932000;;2021-02-01 06:22:38.932000;;;;;SUBMITTED;
60175dba0a720f05f80002bf;5fc961c3b8cfca11a077dd33;;;2021-02-01 01:47:38.723000;2021-02-01 01:47:38.723000;;2021-02-01 01:47:38.723000;;;;;SUBMITTED;
60182d8c0a720f05f8000318;60182d6dc8b50e11d84547b2;250;Receipt number 3 completed, bonus point schedule DEFAULT (5cefdcacf3693e0b50e83a36);2021-02-01 16:34:20;2021-02-01 16:34:20;;2021-02-01 16:34:20;;250.0;2021-01-31 16:34:20;1;FLAGGED;1.00
601747780a7214ad5000023b;5fc961c3b8cfca11a077dd33;;;2021-02-01 00:12:40.376000;2021-02-01 00:12:40.376000;;2021-02-01 00:12:40.376000;;;;;SUBMITTED;
60182f390a7214ad500002b8;60182f1dc8b50e11d84548c4;;;2021-02-01 16:41:29;2021-02-01 16:41:29;;2021-02-01 16:41:30;;;;0;REJECTED;0.00
6018643e0a7214ad28000002;5fc961c3b8cfca11a077dd33;;;2021-02-01 20:27:42;2021-02-01 20:27:42;;2021-02-01 20:27:42;;;;;SUBMITTED;
601830d30a7214ad500002e1;601830ce9a1b091205b618e8;5;All-receipts receipt bonus;2021-02-01 16:48:19;2021-02-01 16:48:19;2021-02-01 16:48:19;2021-02-01 16:48:24;2021-02-01 16:48:19;5.0;2021-02-01 00:00:00;4;FINISHED;29.00
6018369f0a7214ad500002f1;601836829a1b091205b6194d;150;Receipt number 5 completed, bonus point schedule DEFAULT (5cefdcacf3693e0b50e83a36);2021-02-01 17:13:03;2021-02-01 17:13:03;;2021-02-01 17:13:04;;150.0;2021-01-31 17:13:03;1;FLAGGED;1.00
601830a70a7214ad500002d3;60183090c8b50e11d84549c0;;;2021-02-01 16:47:35;2021-02-01 16:47:35;;2021-02-01 16:47:35;;;2017-10-30 00:00:00;3;REJECTED;3.00
6018682c0a720f05f4000011;60186237c8b50e11d8454d5f;;;2021-02-01 20:44:28.843000;2021-02-01 20:44:28.843000;;2021-02-01 20:44:28.843000;;;;;SUBMITTED;
60182f610a720f05f800033e;60182f1dc8b50e11d84548c4;25;COMPLETE_NONPARTNER_RECEIPT;2021-02-01 16:42:09;2021-02-01 16:42:09;2021-02-01 16:42:10;2021-02-01 16:42:14;2021-02-01 16:42:10;35.0;2021-01-31 16:42:09;1;FINISHED;1.00
601890b80a7214ad28000020;601890b2c8b50e11d8454e82;5;All-receipts receipt bonus;2021-02-01 23:37:28;2021-02-01 23:37:28;2021-02-01 23:37:28;2021-02-01 23:37:33;2021-02-01 23:37:28;5.0;2021-02-01 00:00:00;4;FINISHED;25.00
601485370a720f05f8000175;60147d2ac8b50e11d8453f53;;;2021-01-29 21:59:19;2021-01-29 21:59:19;2021-01-29 21:59:20;2021-02-01 17:47:09;2021-01-29 21:59:20;210.0;2021-01-29 00:00:00;1;FINISHED;21.00
6017ab130a720f05f80002e0;5fc961c3b8cfca11a077dd33;;;2021-02-01 07:17:39.660000;2021-02-01 07:17:39.660000;;2021-02-01 07:17:39.660000;;;;;SUBMITTED;
601890d50a720f05f4000057;601890689a1b091205b61c87;25;COMPLETE_NONPARTNER_RECEIPT;2021-02-01 23:37:57;2021-02-01 23:37:57;2021-02-01 23:37:58;2021-02-01 23:37:58;2021-02-01 23:37:58;25.0;2021-01-25 00:00:00;1;FINISHED;10.00
6014853a0a7214ad50000106;60147d2ac8b50e11d8453f53;;;2021-01-29 21:59:22;2021-01-29 21:59:22;2021-01-29 21:59:23;2021-02-01 17:47:14;2021-01-29 21:59:23;209.5;2021-01-29 00:00:00;1;FINISHED;20.95
6017ff730a720f05f8000301;5fc961c3b8cfca11a077dd33;;;2021-02-01 13:17:39.145000;2021-02-01 13:17:39.145000;;2021-02-01 13:17:39.145000;;;;;SUBMITTED;
60189c850a7214ad28000034;60189c859a1b091205b61de1;750;Receipt number 1 completed, bonus point schedule DEFAULT (5cefdcacf3693e0b50e83a36);2021-02-02 00:27:49;2021-02-02 00:27:49;;2021-02-02 00:27:50;2021-02-02 00:27:49;750.0;2021-02-01 00:27:49;1;FLAGGED;1.00
60189ffe0a720f05f4000066;5fc961c3b8cfca11a077dd33;;;2021-02-02 00:42:38.661000;2021-02-02 00:42:38.661000;;2021-02-02 00:42:38.661000;;;;;SUBMITTED;
6018b92a0a7214ad2800005e;60186237c8b50e11d8454d5f;;;2021-02-02 02:30:02.531000;2021-02-02 02:30:02.531000;;2021-02-02 02:30:02.531000;;;;;SUBMITTED;
60189c980a7214ad28000040;60189c94c8b50e11d8454f6b;100;Receipt number 6 completed, bonus point schedule DEFAULT (5cefdcacf3693e0b50e83a36);2021-02-02 00:28:08;2021-02-02 00:28:08;2021-02-02 00:28:08;2021-02-02 00:28:13;2021-02-02 00:28:08;100.0;2021-02-02 00:00:00;4;FINISHED;26.00
6018a95f0a7214ad28000056;5fc961c3b8cfca11a077dd33;;;2021-02-02 01:22:39.277000;2021-02-02 01:22:39.277000;;2021-02-02 01:22:39.277000;;;;;SUBMITTED;
6018b93c0a7214ad28000061;60186237c8b50e11d8454d5f;;;2021-02-02 02:30:20.416000;2021-02-02 02:30:20.416000;;2021-02-02 02:30:20.416000;;;;;SUBMITTED;
60189c9c0a7214ad28000045;60189c94c8b50e11d8454f6b;5;All-receipts receipt bonus;2021-02-02 00:28:12;2021-02-02 00:28:12;2021-02-02 00:28:13;2021-02-02 00:28:17;2021-02-02 00:28:13;5.0;2021-02-02 00:00:00;5;FINISHED;27.00
60189cc00a720f05f4000063;60189c74c8b50e11d8454eff;25;COMPLETE_NONPARTNER_RECEIPT;2021-02-02 00:28:48;2021-02-02 00:28:48;2021-02-02 00:43:49;2021-02-02 00:43:49;2021-02-02 00:28:49;25.0;2021-02-01 00:00:00;5;FINISHED;50.00
6018b89c0a7214ad2800005d;5fc961c3b8cfca11a077dd33;;;2021-02-02 02:27:40.052000;2021-02-02 02:27:40.052000;;2021-02-02 02:27:40.052000;;;;;SUBMITTED;
60189c7b0a7214ad2800002e;5fc961c3b8cfca11a077dd33;;;2021-02-02 00:27:39.288000;2021-02-02 00:27:39.288000;;2021-02-02 00:27:39.288000;;;;;SUBMITTED;
60189c990a7214ad28000041;60189c94c8b50e11d8454f6b;5;All-receipts receipt bonus;2021-02-02 00:28:09;2021-02-02 00:28:09;2021-02-02 00:28:09;2021-02-02 00:28:14;2021-02-02 00:28:09;5.0;2021-02-02 00:00:00;4;FINISHED;21.00
6018a7070a7214ad28000055;5fc961c3b8cfca11a077dd33;;;2021-02-02 01:12:38.998000;2021-02-02 01:12:38.998000;;2021-02-02 01:12:38.998000;;;;;SUBMITTED;
60189c920a7214ad2800003a;60189c92c8b50e11d8454f5d;;;2021-02-02 00:28:02;2021-02-02 00:28:02;;2021-02-02 00:28:03;;;;0;FLAGGED;0.00
5fb1bd510a7214ad890000e3;5fb1bd519c09d811e5211cef;750;Receipt number 1 completed, bonus point schedule DEFAULT (5cefdcacf3693e0b50e83a36);2020-11-15 23:44:17;2020-11-15 23:44:17;;2021-02-02 00:28:24;2020-11-15 23:44:17;750.0;2020-11-14 23:44:17;11;REJECTED;1.00
60189ca00a7214ad28000048;54943462e4b07e684157a532;5;All-receipts receipt bonus;2021-02-02 00:28:16;2021-02-02 00:28:16;2021-02-02 00:28:17;2021-02-02 00:28:17;2021-02-02 00:28:17;5.0;2021-02-01 00:28:16;1;FINISHED;1.00
6018abb90a720f05f400006d;5fc961c3b8cfca11a077dd33;;;2021-02-02 01:32:41.505000;2021-02-02 01:32:41.505000;;2021-02-02 01:32:41.505000;;;;;SUBMITTED;
60189c750a720f05f400005d;54943462e4b07e684157a532;5;All-receipts receipt bonus;2021-02-02 00:27:33;2021-02-02 00:27:33;2021-02-02 00:27:38;2021-02-02 00:27:42;2021-02-02 00:27:35;5.0;2021-02-01 00:27:33;2;FINISHED;11.00
6018b1920a720f05f400006e;5fc961c3b8cfca11a077dd33;;;2021-02-02 01:57:38.883000;2021-02-02 01:57:38.883000;;2021-02-02 01:57:38.883000;;;;;SUBMITTED;
60189c900a7214ad28000038;60189c90c8b50e11d8454f49;5;All-receipts receipt bonus;2021-02-02 00:28:00;2021-02-02 00:28:00;;2021-02-02 00:28:05;;5;2021-02-02 00:00:00;1;REJECTED;10.00
60189cc10a7214ad28000050;60189c74c8b50e11d8454eff;25;COMPLETE_NONPARTNER_RECEIPT;2021-02-02 00:28:49;2021-02-02 00:28:49;2021-02-02 00:28:50;2021-02-02 00:28:50;2021-02-02 00:28:50;25.0;2021-01-26 00:00:00;1;FINISHED;10.00
6018ace50a7214ad28000057;5fc961c3b8cfca11a077dd33;;;2021-02-02 01:37:41.168000;2021-02-02 01:37:41.168000;;2021-02-02 01:37:41.168000;;;;;SUBMITTED;
60189c7d0a7214ad28000030;60189c74c8b50e11d8454eff;500;Receipt number 2 completed, bonus point schedule DEFAULT (5cefdcacf3693e0b50e83a36);2021-02-02 00:27:41;2021-02-02 00:27:41;;2021-02-02 00:27:42;2021-02-02 00:27:42;500.0;2021-02-01 00:27:41;1;FLAGGED;1.00
60189cae0a7214ad2800004f;60189c74c8b50e11d8454eff;5;All-receipts receipt bonus;2021-02-02 00:28:30;2021-02-02 00:28:30;2021-02-02 00:28:31;2021-02-02 00:28:31;2021-02-02 00:28:31;5.0;2021-02-02 00:28:30;1;FINISHED;2.23
60189cb40a720f05f4000060;60189c74c8b50e11d8454eff;;;2021-02-02 00:28:36;2021-02-02 00:28:36;;2021-02-02 00:28:37;;;2017-10-30 00:00:00;3;REJECTED;3.00
6018a12c0a720f05f4000067;5fc961c3b8cfca11a077dd33;;;2021-02-02 00:47:39.905000;2021-02-02 00:47:39.905000;;2021-02-02 00:47:39.905000;;;;;SUBMITTED;
6018bd4b0a720f05f4000074;5fc961c3b8cfca11a077dd33;;;2021-02-02 02:47:39.291000;2021-02-02 02:47:39.291000;;2021-02-02 02:47:39.291000;;;;;SUBMITTED;
6018af3b0a7214ad28000059;5fc961c3b8cfca11a077dd33;;;2021-02-02 01:47:39.573000;2021-02-02 01:47:39.573000;;2021-02-02 01:47:39.573000;;;;;SUBMITTED;
60189cb60a720f05f4000061;60189c74c8b50e11d8454eff;;;2021-02-02 00:28:38.830000;2021-02-02 00:28:38.830000;;2021-02-02 00:28:38.830000;;;;;SUBMITTED;
60189cbe0a720f05f4000062;60189c74c8b50e11d8454eff;5;All-receipts receipt bonus;2021-02-02 00:28:46;2021-02-02 00:28:46;2021-02-02 00:28:48;2021-02-02 00:28:52;2021-02-02 00:28:47;5.0;2021-02-01 00:28:46;2;FINISHED;11.00
5fb2da580a7214ad89000114;5fb2da582357ec11d4ecc403;750;Receipt number 1 completed, bonus point schedule DEFAULT (5cefdcacf3693e0b50e83a36);2020-11-16 20:00:24;2020-11-16 20:00:24;;2021-02-02 00:28:24;2020-11-16 20:00:24;750.0;2020-11-15 20:00:24;11;REJECTED;1.00
601af3530a720f05f4000212;5fc961c3b8cfca11a077dd33;;;2021-02-03 19:02:43.841000;2021-02-03 19:02:43.841000;;2021-02-03 19:02:43.841000;;;;;SUBMITTED;
601aba020a7214ad280001d1;5fc961c3b8cfca11a077dd33;;;2021-02-03 14:58:10.767000;2021-02-03 14:58:10.767000;;2021-02-03 14:58:10.767000;;;;;SUBMITTED;
601a6c8d0a720f05f40001c4;5fc961c3b8cfca11a077dd33;;;2021-02-03 09:27:41.754000;2021-02-03 09:27:41.754000;;2021-02-03 09:27:41.754000;;;;;SUBMITTED;
601a59ce0a7214ad2800019b;5fc961c3b8cfca11a077dd33;;;2021-02-03 08:07:42.825000;2021-02-03 08:07:42.825000;;2021-02-03 08:07:42.825000;;;;;SUBMITTED;
601a23e60a7214ad28000187;5fc961c3b8cfca11a077dd33;;;2021-02-03 04:17:42.294000;2021-02-03 04:17:42.294000;;2021-02-03 04:17:42.294000;;;;;SUBMITTED;
601aaf5b0a720f05f40001dd;5fc961c3b8cfca11a077dd33;;;2021-02-03 14:12:43.351000;2021-02-03 14:12:43.351000;;2021-02-03 14:12:43.351000;;;;;SUBMITTED;
601b0bf00a720f05f400021b;5fc961c3b8cfca11a077dd33;;;2021-02-03 20:47:44.167000;2021-02-03 20:47:44.167000;;2021-02-03 20:47:44.167000;;;;;SUBMITTED;
601a2e730a720f05f40001a9;5fc961c3b8cfca11a077dd33;;;2021-02-03 05:02:43.255000;2021-02-03 05:02:43.255000;;2021-02-03 05:02:43.255000;;;;;SUBMITTED;
601a93390a720f05f40001d5;5fc961c3b8cfca11a077dd33;;;2021-02-03 12:12:41.375000;2021-02-03 12:12:41.375000;;2021-02-03 12:12:41.375000;;;;;SUBMITTED;
601b2c090a7214ad2800021a;542ace60e4b0b3d724922499;;;2021-02-03 17:04:40.500000;2021-02-03 17:04:40.500000;;2021-02-03 17:04:40.500000;;;;;SUBMITTED;
601adab60a720f05f4000207;5fc961c3b8cfca11a077dd33;;;2021-02-03 17:17:42.778000;2021-02-03 17:17:42.778000;;2021-02-03 17:17:42.778000;;;;;SUBMITTED;
601a48390a720f05f40001b6;5fc961c3b8cfca11a077dd33;;;2021-02-03 06:52:41.791000;2021-02-03 06:52:41.791000;;2021-02-03 06:52:41.791000;;;;;SUBMITTED;
601a74c20a720f05f40001c8;5fc961c3b8cfca11a077dd33;;;2021-02-03 10:02:42.354000;2021-02-03 10:02:42.354000;;2021-02-03 10:02:42.354000;;;;;SUBMITTED;
601aaf580a7214ad280001ca;601aaebde409201029849b3c;500;Receipt number 2 completed, bonus point schedule DEFAULT (5cefdcacf3693e0b50e83a36);2021-02-03 14:12:40;2021-02-03 14:12:40;2021-02-03 14:12:40;2021-02-03 14:12:40;2021-02-03 14:12:40;500.0;2021-01-31 06:00:00;5;FINISHED;25.00
601aaf7a0a720f05f40001e8;601aaebde409201029849b3c;25;COMPLETE_NONPARTNER_RECEIPT;2021-02-03 14:13:14;2021-02-03 14:13:14;2021-02-03 14:13:15;2021-02-03 14:13:15;2021-02-03 14:13:15;25.0;2021-02-03 14:13:14;1;FINISHED;9.99
601ab6630a720f05f40001eb;5fc961c3b8cfca11a077dd33;;;2021-02-03 14:42:43.895000;2021-02-03 14:42:43.895000;;2021-02-03 14:42:43.895000;;;;;SUBMITTED;
601ac1d80a720f05f40001fe;54943462e4b07e684157a532;5;All-receipts receipt bonus;2021-02-03 15:31:36;2021-02-03 15:31:36;2021-02-03 15:31:37;2021-02-03 15:31:37;2021-02-03 15:31:37;5.0;2021-02-02 15:31:36;1;FINISHED;1.00
601ab7900a720f05f40001ec;5fc961c3b8cfca11a077dd33;;;2021-02-03 14:47:44.160000;2021-02-03 14:47:44.160000;;2021-02-03 14:47:44.160000;;;;;SUBMITTED;
601a25110a7214ad28000188;5fc961c3b8cfca11a077dd33;;;2021-02-03 04:22:41.755000;2021-02-03 04:22:41.755000;;2021-02-03 04:22:41.755000;;;;;SUBMITTED;
601b14240a720f05f400021e;5fc961c3b8cfca11a077dd33;;;2021-02-03 21:22:44.496000;2021-02-03 21:22:44.496000;;2021-02-03 21:22:44.496000;;;;;SUBMITTED;
601a2d450a7214ad2800018b;5fc961c3b8cfca11a077dd33;;;2021-02-03 04:57:41.832000;2021-02-03 04:57:41.832000;;2021-02-03 04:57:41.832000;;;;;SUBMITTED;
601ae6710a720f05f400020c;5fc961c3b8cfca11a077dd33;;;2021-02-03 18:07:44.976000;2021-02-03 18:07:44.976000;;2021-02-03 18:07:44.976000;;;;;SUBMITTED;
601b32150a7214ad28000220;5a43c08fe4b014fd6b6a0612;;;2021-02-03 23:30:29.823000;2021-02-03 23:30:29.823000;;2021-02-03 23:30:29.823000;;;;;SUBMITTED;
601af2280a7214ad28000209;5fc961c3b8cfca11a077dd33;;;2021-02-03 18:57:44.384000;2021-02-03 18:57:44.384000;;2021-02-03 18:57:44.384000;;;;;SUBMITTED;
601a5afc0a7214ad2800019c;5fc961c3b8cfca11a077dd33;;;2021-02-03 08:12:44.221000;2021-02-03 08:12:44.221000;;2021-02-03 08:12:44.221000;;;;;SUBMITTED;
601ad7310a720f05f4000206;5fc961c3b8cfca11a077dd33;;;2021-02-03 17:02:41.833000;2021-02-03 17:02:41.833000;;2021-02-03 17:02:41.833000;;;;;SUBMITTED;
601aaf710a720f05f40001e6;601aaebde409201029849b3c;27;COMPLETE_PARTNER_RECEIPT;2021-02-03 14:13:05;2021-02-03 14:13:05;2021-02-03 14:13:06;2021-02-03 14:13:06;2021-02-03 14:13:06;50.6;2021-02-02 14:13:05;4;FINISHED;4.66
601af5aa0a720f05f4000214;5fc961c3b8cfca11a077dd33;;;2021-02-03 19:12:42.686000;2021-02-03 19:12:42.686000;;2021-02-03 19:12:42.686000;;;;;SUBMITTED;
601b32160a7214ad28000221;5a43c08fe4b014fd6b6a0612;;;2021-02-03 23:30:30;2021-02-03 23:30:30;;2021-02-03 23:30:31;;;2019-01-03 00:00:00;0;REJECTED;0.00
601af6d90a720f05f4000215;5fc961c3b8cfca11a077dd33;;;2021-02-03 19:17:45.248000;2021-02-03 19:17:45.248000;;2021-02-03 19:17:45.248000;;;;;SUBMITTED;
601c540f0a720f05f40002be;5fc961c3b8cfca11a077dd33;;;2021-02-04 20:07:43.486000;2021-02-04 20:07:43.486000;;2021-02-04 20:07:43.486000;;;;;SUBMITTED;
601c090e0a7214ad28000282;5fc961c3b8cfca11a077dd33;;;2021-02-04 14:47:41.959000;2021-02-04 14:47:41.959000;;2021-02-04 14:47:41.959000;;;;;SUBMITTED;
601c5d700a7214ad280002bc;5fc961c3b8cfca11a077dd33;;;2021-02-04 20:47:44.585000;2021-02-04 20:47:44.585000;;2021-02-04 20:47:44.585000;;;;;SUBMITTED;
601c702e0a7214ad280002e8;5fc961c3b8cfca11a077dd33;;;2021-02-04 22:07:42.592000;2021-02-04 22:07:42.592000;;2021-02-04 22:07:42.592000;;;;;SUBMITTED;
601c40230a720f05f40002b5;5fc961c3b8cfca11a077dd33;;;2021-02-04 18:42:43.449000;2021-02-04 18:42:43.449000;;2021-02-04 18:42:43.449000;;;;;SUBMITTED;
601c27870a720f05f400029e;5fc961c3b8cfca11a077dd33;;;2021-02-04 16:57:43.644000;2021-02-04 16:57:43.644000;;2021-02-04 16:57:43.644000;;;;;SUBMITTED;
601bd57e0a7214ad2800026d;5fc961c3b8cfca11a077dd33;;;2021-02-04 11:07:42.183000;2021-02-04 11:07:42.183000;;2021-02-04 11:07:42.183000;;;;;SUBMITTED;
601c68b50a720f05f40002c8;601c6887969c0b11f7d0c81f;5;All-receipts receipt bonus;2021-02-04 21:35:49;2021-02-04 21:35:49;2021-02-04 21:35:55;2021-02-04 21:35:55;2021-02-04 21:35:50;5.0;2021-02-03 21:35:49;2;FINISHED;1.00
601c87a00a7214ad280002f0;5fc961c3b8cfca11a077dd33;;;2021-02-04 23:47:44.876000;2021-02-04 23:47:44.876000;;2021-02-04 23:47:44.876000;;;;;SUBMITTED;
601bbf390a7214ad28000260;5fc961c3b8cfca11a077dd33;;;2021-02-04 09:32:41.793000;2021-02-04 09:32:41.793000;;2021-02-04 09:32:41.793000;;;;;SUBMITTED;
601bbbb50a720f05f400026a;5fc961c3b8cfca11a077dd33;;;2021-02-04 09:17:41.250000;2021-02-04 09:17:41.250000;;2021-02-04 09:17:41.250000;;;;;SUBMITTED;
601b85cc0a7214ad2800024b;5fc961c3b8cfca11a077dd33;;;2021-02-04 05:27:40.830000;2021-02-04 05:27:40.830000;;2021-02-04 05:27:40.830000;;;;;SUBMITTED;
601c68ce0a7214ad280002d6;601c68ce29c30a1227ada468;750;Receipt number 1 completed, bonus point schedule DEFAULT (5cefdcacf3693e0b50e83a36);2021-02-04 21:36:14;2021-02-04 21:36:14;2021-02-04 21:36:15;2021-02-04 21:36:20;2021-02-04 21:36:15;1750.0;2021-02-04 00:00:00;8;FINISHED;29.00
601c28b30a720f05f400029f;5fc961c3b8cfca11a077dd33;;;2021-02-04 17:02:43.686000;2021-02-04 17:02:43.686000;;2021-02-04 17:02:43.686000;;;;;SUBMITTED;
601b730f0a7214ad28000243;5fc961c3b8cfca11a077dd33;;;2021-02-04 04:07:43.042000;2021-02-04 04:07:43.042000;;2021-02-04 04:07:43.042000;;;;;SUBMITTED;
601b48df0a720f05f4000238;5fc961c3b8cfca11a077dd33;;;2021-02-04 01:07:43.113000;2021-02-04 01:07:43.113000;;2021-02-04 01:07:43.113000;;;;;SUBMITTED;
601c2c3a0a720f05f40002a2;601c2c05969c0b11f7d0b097;300;Receipt number 4 completed, bonus point schedule DEFAULT (5cefdcacf3693e0b50e83a36);2021-02-04 17:17:46;2021-02-04 17:17:46;2021-02-04 17:17:46;2021-02-04 17:17:46;2021-02-04 17:17:46;650.0;2021-02-04 17:17:46;1;FINISHED;9.99
601bc2bd0a7214ad28000262;5fc961c3b8cfca11a077dd33;;;2021-02-04 09:47:41.258000;2021-02-04 09:47:41.258000;;2021-02-04 09:47:41.258000;;;;;SUBMITTED;
601b5cc90a7214ad2800023a;5fc961c3b8cfca11a077dd33;;;2021-02-04 02:32:41.502000;2021-02-04 02:32:41.502000;;2021-02-04 02:32:41.502000;;;;;SUBMITTED;
601be7120a720f05f400027a;5fc961c3b8cfca11a077dd33;;;2021-02-04 12:22:42.458000;2021-02-04 12:22:42.458000;;2021-02-04 12:22:42.458000;;;;;SUBMITTED;
601c2d630a7214ad280002a7;5fc961c3b8cfca11a077dd33;;;2021-02-04 17:22:43.852000;2021-02-04 17:22:43.852000;;2021-02-04 17:22:43.852000;;;;;SUBMITTED;
601c11410a720f05f400028e;5fc961c3b8cfca11a077dd33;;;2021-02-04 15:22:41.611000;2021-02-04 15:22:41.611000;;2021-02-04 15:22:41.611000;;;;;SUBMITTED;
601c2c540a720f05f40002a4;601c2c05969c0b11f7d0b097;100;Receipt number 6 completed, bonus point schedule DEFAULT (5cefdcacf3693e0b50e83a36);2021-02-04 17:18:12;2021-02-04 17:18:12;2021-02-04 17:18:12;2021-02-04 17:18:12;2021-02-04 17:18:12;100.0;2021-02-03 17:18:12;1;FINISHED;10.00
601c265a0a720f05f400029d;5fc961c3b8cfca11a077dd33;;;2021-02-04 16:52:42.102000;2021-02-04 16:52:42.102000;;2021-02-04 16:52:42.102000;;;;;SUBMITTED;
601bdc850a720f05f4000276;5fc961c3b8cfca11a077dd33;;;2021-02-04 11:37:41.767000;2021-02-04 11:37:41.767000;;2021-02-04 11:37:41.767000;;;;;SUBMITTED;
601c5fc90a7214ad280002be;5fc961c3b8cfca11a077dd33;;;2021-02-04 20:57:45.454000;2021-02-04 20:57:45.454000;;2021-02-04 20:57:45.454000;;;;;SUBMITTED;
601c68c70a7214ad280002d2;601c6887969c0b11f7d0c81f;5;All-receipts receipt bonus;2021-02-04 21:36:07;2021-02-04 21:36:07;;2021-02-04 21:36:08;2021-02-04 21:36:07;5.0;2021-02-03 21:36:07;1;FLAGGED;1.00
601c80940a720f05f40002d9;5fc961c3b8cfca11a077dd33;;;2021-02-04 23:17:40.291000;2021-02-04 23:17:40.291000;;2021-02-04 23:17:40.291000;;;;;SUBMITTED;
601b43010a7214ad2800022c;5fc961c3b8cfca11a077dd33;;;2021-02-04 00:42:41.931000;2021-02-04 00:42:41.931000;;2021-02-04 00:42:41.931000;;;;;SUBMITTED;
601bd1fa0a7214ad2800026c;5fc961c3b8cfca11a077dd33;;;2021-02-04 10:52:42.715000;2021-02-04 10:52:42.715000;;2021-02-04 10:52:42.715000;;;;;SUBMITTED;
601d7c000a7214ad590002a1;59c124bae4b0299e55b0f330;;;2021-02-05 17:10:24.650000;2021-02-05 17:10:24.650000;2021-02-05 17:10:24.659000;2021-02-05 17:10:24.650000;;;2021-02-05 00:00:00;;PENDING;28.57
601d7c180a720f05540002fd;59c124bae4b0299e55b0f330;;;2021-02-05 17:10:48.108000;2021-02-05 17:10:48.108000;2021-02-05 17:10:48.116000;2021-02-05 17:10:48.108000;;;2021-02-05 00:00:00;;PENDING;28.57
601d77170a720f053c00000a;59c124bae4b0299e55b0f330;;;2021-02-05 16:49:27.443000;2021-02-05 16:49:27.443000;2021-02-05 16:49:27.855000;2021-02-05 16:49:27.443000;;;2021-02-05 00:00:00;;PENDING;28.57
601d7b8e0a720f0554000079;59c124bae4b0299e55b0f330;;;2021-02-05 17:08:30.650000;2021-02-05 17:08:30.650000;2021-02-05 17:08:30.660000;2021-02-05 17:08:30.650000;;;2021-02-05 00:00:00;;PENDING;28.57
601d7d580a7214ad59000928;59c124bae4b0299e55b0f330;;;2021-02-05 17:16:08.728000;2021-02-05 17:16:08.728000;2021-02-05 17:16:08.755000;2021-02-05 17:16:08.728000;;;2021-02-05 00:00:00;;PENDING;28.57
601d7cf90a720f055400070e;59c124bae4b0299e55b0f330;;;2021-02-05 17:14:33.805000;2021-02-05 17:14:33.805000;2021-02-05 17:14:33.813000;2021-02-05 17:14:33.805000;;;2021-02-05 00:00:00;;PENDING;28.57
601d77180a720f053c00000f;59c124bae4b0299e55b0f330;;;2021-02-05 16:49:28.709000;2021-02-05 16:49:28.709000;2021-02-05 16:49:29.360000;2021-02-05 16:49:28.709000;;;2021-02-05 00:00:00;;PENDING;28.57
601d7d540a720f05540008a6;59c124bae4b0299e55b0f330;;;2021-02-05 17:16:04.233000;2021-02-05 17:16:04.233000;2021-02-05 17:16:04.241000;2021-02-05 17:16:04.233000;;;2021-02-05 00:00:00;;PENDING;28.57
601d7ba00a720f05540000d2;59c124bae4b0299e55b0f330;;;2021-02-05 17:08:48.669000;2021-02-05 17:08:48.669000;2021-02-05 17:08:48.678000;2021-02-05 17:08:48.669000;;;2021-02-05 00:00:00;;PENDING;28.57
601d7bb60a7214ad59000141;59c124bae4b0299e55b0f330;;;2021-02-05 17:09:10.721000;2021-02-05 17:09:10.721000;2021-02-05 17:09:10.732000;2021-02-05 17:09:10.721000;;;2021-02-05 00:00:00;;PENDING;28.57
601d7cd30a720f0554000663;59c124bae4b0299e55b0f330;;;2021-02-05 17:13:55.314000;2021-02-05 17:13:55.314000;2021-02-05 17:13:55.322000;2021-02-05 17:13:55.314000;;;2021-02-05 00:00:00;;PENDING;28.57
601d7b730a720f0554000006;59c124bae4b0299e55b0f330;;;2021-02-05 17:08:03.688000;2021-02-05 17:08:03.688000;2021-02-05 17:08:03.703000;2021-02-05 17:08:03.688000;;;2021-02-05 00:00:00;;PENDING;28.57
601d7d340a7214ad5900086c;59c124bae4b0299e55b0f330;;;2021-02-05 17:15:32.539000;2021-02-05 17:15:32.539000;2021-02-05 17:15:32.547000;2021-02-05 17:15:32.539000;;;2021-02-05 00:00:00;;PENDING;28.57
601d7c1e0a720f055400031a;59c124bae4b0299e55b0f330;;;2021-02-05 17:10:54.358000;2021-02-05 17:10:54.358000;2021-02-05 17:10:54.368000;2021-02-05 17:10:54.358000;;;2021-02-05 00:00:00;;PENDING;28.57
601d83930a7214ad59000932;5fc961c3b8cfca11a077dd33;;;2021-02-05 17:42:42.685000;2021-02-05 17:42:42.685000;;2021-02-05 17:42:42.685000;;;;;SUBMITTED;
601d7c300a7214ad59000384;59c124bae4b0299e55b0f330;;;2021-02-05 17:11:12.311000;2021-02-05 17:11:12.311000;2021-02-05 17:11:12.319000;2021-02-05 17:11:12.311000;;;2021-02-05 00:00:00;;PENDING;28.57
601d7ca40a720f055400058b;59c124bae4b0299e55b0f330;;;2021-02-05 17:13:08.302000;2021-02-05 17:13:08.302000;2021-02-05 17:13:08.310000;2021-02-05 17:13:08.302000;;;2021-02-05 00:00:00;;PENDING;28.57
601d7b770a720f0554000016;59c124bae4b0299e55b0f330;;;2021-02-05 17:08:07.584000;2021-02-05 17:08:07.584000;2021-02-05 17:08:07.594000;2021-02-05 17:08:07.584000;;;2021-02-05 00:00:00;;PENDING;28.57
601d7bb60a720f055400013a;59c124bae4b0299e55b0f330;;;2021-02-05 17:09:10.335000;2021-02-05 17:09:10.335000;2021-02-05 17:09:10.356000;2021-02-05 17:09:10.335000;;;2021-02-05 00:00:00;;PENDING;28.57
601d7c7f0a7214ad590004f2;59c124bae4b0299e55b0f330;;;2021-02-05 17:12:31.214000;2021-02-05 17:12:31.214000;2021-02-05 17:12:31.222000;2021-02-05 17:12:31.214000;;;2021-02-05 00:00:00;;PENDING;28.57
601d7d2c0a720f05540007fa;59c124bae4b0299e55b0f330;;;2021-02-05 17:15:24.452000;2021-02-05 17:15:24.452000;2021-02-05 17:15:24.460000;2021-02-05 17:15:24.452000;;;2021-02-05 00:00:00;;PENDING;28.57
601d7d230a720f05540007ce;59c124bae4b0299e55b0f330;;;2021-02-05 17:15:15.055000;2021-02-05 17:15:15.055000;2021-02-05 17:15:15.064000;2021-02-05 17:15:15.055000;;;2021-02-05 00:00:00;;PENDING;28.57
601d7c500a720f0554000409;59c124bae4b0299e55b0f330;;;2021-02-05 17:11:44.686000;2021-02-05 17:11:44.686000;2021-02-05 17:11:44.698000;2021-02-05 17:11:44.686000;;;2021-02-05 00:00:00;;PENDING;28.57
601d02aa0a720f05f4000312;5fc961c3b8cfca11a077dd33;;;2021-02-05 08:32:42.602000;2021-02-05 08:32:42.602000;;2021-02-05 08:32:42.602000;;;;;SUBMITTED;
601d7c960a7214ad59000564;59c124bae4b0299e55b0f330;;;2021-02-05 17:12:54.137000;2021-02-05 17:12:54.137000;2021-02-05 17:12:54.146000;2021-02-05 17:12:54.137000;;;2021-02-05 00:00:00;;PENDING;28.57
601d75dd0a720f05a9000004;59c124bae4b0299e55b0f330;;;2021-02-05 16:44:13.659000;2021-02-05 16:44:13.659000;2021-02-05 16:44:13.754000;2021-02-05 16:44:13.659000;;;2021-02-05 00:00:00;;PENDING;28.57
601d7c480a720f05540003e0;59c124bae4b0299e55b0f330;;;2021-02-05 17:11:36.252000;2021-02-05 17:11:36.252000;2021-02-05 17:11:36.367000;2021-02-05 17:11:36.252000;;;2021-02-05 00:00:00;;PENDING;28.57
601d7c280a7214ad5900035c;59c124bae4b0299e55b0f330;;;2021-02-05 17:11:04.181000;2021-02-05 17:11:04.181000;2021-02-05 17:11:04.194000;2021-02-05 17:11:04.181000;;;2021-02-05 00:00:00;;PENDING;28.57
601d7cd50a7214ad5900069f;59c124bae4b0299e55b0f330;;;2021-02-05 17:13:57.343000;2021-02-05 17:13:57.343000;2021-02-05 17:13:57.351000;2021-02-05 17:13:57.343000;;;2021-02-05 00:00:00;;PENDING;28.57
601d7b840a720f055400004e;59c124bae4b0299e55b0f330;;;2021-02-05 17:08:20.517000;2021-02-05 17:08:20.517000;2021-02-05 17:08:20.534000;2021-02-05 17:08:20.517000;;;2021-02-05 00:00:00;;PENDING;28.57
601e911a0a720f053c000070;5fc961c3b8cfca11a077dd33;;;2021-02-06 12:52:42.053000;2021-02-06 12:52:42.053000;;2021-02-06 12:52:42.053000;;;;;SUBMITTED;
601e58da0a720f053c000050;5fc961c3b8cfca11a077dd33;;;2021-02-06 08:52:42.544000;2021-02-06 08:52:42.544000;;2021-02-06 08:52:42.544000;;;;;SUBMITTED;
601e71780a7214ad2500004f;5fc961c3b8cfca11a077dd33;;;2021-02-06 10:37:44.030000;2021-02-06 10:37:44.030000;;2021-02-06 10:37:44.030000;;;;;SUBMITTED;
601e7d2e0a720f053c000067;5fc961c3b8cfca11a077dd33;;;2021-02-06 11:27:42.373000;2021-02-06 11:27:42.373000;;2021-02-06 11:27:42.373000;;;;;SUBMITTED;
601ead690a720f053c000092;601ead00b57b8a12187fce78;27;COMPLETE_PARTNER_RECEIPT;2021-02-06 14:53:29;2021-02-06 14:53:29;2021-02-06 14:53:30;2021-02-06 14:53:30;2021-02-06 14:53:30;50.6;2021-02-05 14:53:29;4;FINISHED;4.66
601ed3e80a720f053c0000a5;5fc961c3b8cfca11a077dd33;;;2021-02-06 17:37:44.140000;2021-02-06 17:37:44.140000;;2021-02-06 17:37:44.140000;;;;;SUBMITTED;
601eae650a720f053c000093;5fc961c3b8cfca11a077dd33;;;2021-02-06 14:57:41.342000;2021-02-06 14:57:41.342000;;2021-02-06 14:57:41.342000;;;;;SUBMITTED;
601e63660a720f053c000055;5fc961c3b8cfca11a077dd33;;;2021-02-06 09:37:42.778000;2021-02-06 09:37:42.778000;;2021-02-06 09:37:42.778000;;;;;SUBMITTED;
601f190c0a720f053c0000c4;5fc961c3b8cfca11a077dd33;;;2021-02-06 22:32:44.034000;2021-02-06 22:32:44.034000;;2021-02-06 22:32:44.034000;;;;;SUBMITTED;
601e787e0a7214ad25000051;5fc961c3b8cfca11a077dd33;;;2021-02-06 11:07:42.035000;2021-02-06 11:07:42.035000;;2021-02-06 11:07:42.035000;;;;;SUBMITTED;
601ea1830a720f053c000079;5fc961c3b8cfca11a077dd33;;;2021-02-06 14:02:43.464000;2021-02-06 14:02:43.464000;;2021-02-06 14:02:43.464000;;;;;SUBMITTED;
601e0b830a720f053c00002e;5fc961c3b8cfca11a077dd33;;;2021-02-06 03:22:43.558000;2021-02-06 03:22:43.558000;;2021-02-06 03:22:43.558000;;;;;SUBMITTED;
601f09d10a720f053c0000bd;5fc961c3b8cfca11a077dd33;;;2021-02-06 21:27:45.360000;2021-02-06 21:27:45.360000;;2021-02-06 21:27:45.360000;;;;;SUBMITTED;
601efe190a720f053c0000b8;5fc961c3b8cfca11a077dd33;;;2021-02-06 20:37:45.638000;2021-02-06 20:37:45.638000;;2021-02-06 20:37:45.638000;;;;;SUBMITTED;
601ead5b0a720f053c00008f;601ead00b57b8a12187fce78;27;COMPLETE_PARTNER_RECEIPT;2021-02-06 14:53:15;2021-02-06 14:53:15;2021-02-06 14:53:16;2021-02-06 14:53:16;2021-02-06 14:53:16;50.6;2021-02-05 14:53:15;4;FINISHED;4.66
601e14e30a7214ad2500002e;5fc961c3b8cfca11a077dd33;;;2021-02-06 04:02:43.285000;2021-02-06 04:02:43.285000;;2021-02-06 04:02:43.285000;;;;;SUBMITTED;
601ed9c40a7214ad25000078;5fc961c3b8cfca11a077dd33;;;2021-02-06 18:02:44.144000;2021-02-06 18:02:44.144000;;2021-02-06 18:02:44.144000;;;;;SUBMITTED;
601e3b8f0a720f053c000043;5fc961c3b8cfca11a077dd33;;;2021-02-06 06:47:43.487000;2021-02-06 06:47:43.487000;;2021-02-06 06:47:43.487000;;;;;SUBMITTED;
601ddca40a7214ad25000019;5fc961c3b8cfca11a077dd33;;;2021-02-06 00:02:44.599000;2021-02-06 00:02:44.599000;;2021-02-06 00:02:44.599000;;;;;SUBMITTED;
601e9a7b0a720f053c000074;5fc961c3b8cfca11a077dd33;;;2021-02-06 13:32:43.212000;2021-02-06 13:32:43.212000;;2021-02-06 13:32:43.212000;;;;;SUBMITTED;
601eb8f30a720f053c000099;5fc961c3b8cfca11a077dd33;;;2021-02-06 15:42:42.969000;2021-02-06 15:42:42.969000;;2021-02-06 15:42:42.969000;;;;;SUBMITTED;
601e96f60a7214ad2500005c;5fc961c3b8cfca11a077dd33;;;2021-02-06 13:17:42.390000;2021-02-06 13:17:42.390000;;2021-02-06 13:17:42.390000;;;;;SUBMITTED;
601f29740a720f053c0000cc;5fc961c3b8cfca11a077dd33;;;2021-02-06 23:42:44.718000;2021-02-06 23:42:44.718000;;2021-02-06 23:42:44.718000;;;;;SUBMITTED;
601f1b660a720f053c0000c6;5fc961c3b8cfca11a077dd33;;;2021-02-06 22:42:46.034000;2021-02-06 22:42:46.034000;;2021-02-06 22:42:46.034000;;;;;SUBMITTED;
601e22f20a720f053c000039;5fc961c3b8cfca11a077dd33;;;2021-02-06 05:02:42.289000;2021-02-06 05:02:42.289000;;2021-02-06 05:02:42.289000;;;;;SUBMITTED;
601e173d0a720f053c000032;5fc961c3b8cfca11a077dd33;;;2021-02-06 04:12:45.309000;2021-02-06 04:12:45.309000;;2021-02-06 04:12:45.309000;;;;;SUBMITTED;
601e35b40a7214ad2500003c;5fc961c3b8cfca11a077dd33;;;2021-02-06 06:22:44.789000;2021-02-06 06:22:44.789000;;2021-02-06 06:22:44.789000;;;;;SUBMITTED;
601e128a0a7214ad2500002c;5fc961c3b8cfca11a077dd33;;;2021-02-06 03:52:42.317000;2021-02-06 03:52:42.317000;;2021-02-06 03:52:42.317000;;;;;SUBMITTED;
601f2bca0a7214ad2500009a;5fc961c3b8cfca11a077dd33;;;2021-02-06 23:52:42.437000;2021-02-06 23:52:42.437000;;2021-02-06 23:52:42.437000;;;;;SUBMITTED;
601e84360a720f053c000069;5fc961c3b8cfca11a077dd33;;;2021-02-06 11:57:42.117000;2021-02-06 11:57:42.117000;;2021-02-06 11:57:42.117000;;;;;SUBMITTED;
601f90920a720f053c0000f9;5fc961c3b8cfca11a077dd33;;;2021-02-07 07:02:42.707000;2021-02-07 07:02:42.707000;;2021-02-07 07:02:42.707000;;;;;SUBMITTED;
601f9c4a0a7214ad250000c8;5fc961c3b8cfca11a077dd33;;;2021-02-07 07:52:42.805000;2021-02-07 07:52:42.805000;;2021-02-07 07:52:42.805000;;;;;SUBMITTED;
60201adc0a7214ad250000ff;5fc961c3b8cfca11a077dd33;;;2021-02-07 16:52:44.808000;2021-02-07 16:52:44.808000;;2021-02-07 16:52:44.808000;;;;;SUBMITTED;
601f7b7a0a720f053c0000ee;5fc961c3b8cfca11a077dd33;;;2021-02-07 05:32:42.865000;2021-02-07 05:32:42.865000;;2021-02-07 05:32:42.865000;;;;;SUBMITTED;
601f98c60a720f053c0000fe;5fc961c3b8cfca11a077dd33;;;2021-02-07 07:37:42.908000;2021-02-07 07:37:42.908000;;2021-02-07 07:37:42.908000;;;;;SUBMITTED;
601f81560a720f053c0000f1;5fc961c3b8cfca11a077dd33;;;2021-02-07 05:57:42.031000;2021-02-07 05:57:42.031000;;2021-02-07 05:57:42.031000;;;;;SUBMITTED;
601f31a60a720f053c0000d0;5fc961c3b8cfca11a077dd33;;;2021-02-07 00:17:42.622000;2021-02-07 00:17:42.622000;;2021-02-07 00:17:42.622000;;;;;SUBMITTED;
60204ae80a7214ad25000111;5fc961c3b8cfca11a077dd33;;;2021-02-07 20:17:44.002000;2021-02-07 20:17:44.002000;;2021-02-07 20:17:44.002000;;;;;SUBMITTED;
6020776d0a7214ad25000120;5fc961c3b8cfca11a077dd33;;;2021-02-07 23:27:41.928000;2021-02-07 23:27:41.928000;;2021-02-07 23:27:41.928000;;;;;SUBMITTED;
601fee520a720f053c000120;5fc961c3b8cfca11a077dd33;;;2021-02-07 13:42:42.952000;2021-02-07 13:42:42.952000;;2021-02-07 13:42:42.952000;;;;;SUBMITTED;
601fdb920a7214ad250000e2;5fc961c3b8cfca11a077dd33;;;2021-02-07 12:22:42.478000;2021-02-07 12:22:42.478000;;2021-02-07 12:22:42.478000;;;;;SUBMITTED;
601ffa0a0a7214ad250000f2;5fc961c3b8cfca11a077dd33;;;2021-02-07 14:32:42.866000;2021-02-07 14:32:42.866000;;2021-02-07 14:32:42.866000;;;;;SUBMITTED;
602057ce0a720f053c000151;5fc961c3b8cfca11a077dd33;;;2021-02-07 21:12:46.236000;2021-02-07 21:12:46.236000;;2021-02-07 21:12:46.236000;;;;;SUBMITTED;
601fe3c80a7214ad250000e6;5fc961c3b8cfca11a077dd33;;;2021-02-07 12:57:44.522000;2021-02-07 12:57:44.522000;;2021-02-07 12:57:44.522000;;;;;SUBMITTED;
601f36570a7214ad2500009d;5fc961c3b8cfca11a077dd33;;;2021-02-07 00:37:43.361000;2021-02-07 00:37:43.361000;;2021-02-07 00:37:43.361000;;;;;SUBMITTED;
60205b510a7214ad25000117;5fc961c3b8cfca11a077dd33;;;2021-02-07 21:27:45.111000;2021-02-07 21:27:45.111000;;2021-02-07 21:27:45.111000;;;;;SUBMITTED;
601fda670a720f053c00011a;5fc961c3b8cfca11a077dd33;;;2021-02-07 12:17:43.056000;2021-02-07 12:17:43.056000;;2021-02-07 12:17:43.056000;;;;;SUBMITTED;
602067080a7214ad2500011c;5fc961c3b8cfca11a077dd33;;;2021-02-07 22:17:44.483000;2021-02-07 22:17:44.483000;;2021-02-07 22:17:44.483000;;;;;SUBMITTED;
601f8be40a7214ad250000c2;5fc961c3b8cfca11a077dd33;;;2021-02-07 06:42:44.025000;2021-02-07 06:42:44.025000;;2021-02-07 06:42:44.025000;;;;;SUBMITTED;
601f7f010a7214ad250000be;5fc961c3b8cfca11a077dd33;;;2021-02-07 05:47:45.401000;2021-02-07 05:47:45.401000;;2021-02-07 05:47:45.401000;;;;;SUBMITTED;
601f46bf0a7214ad250000a4;5fc961c3b8cfca11a077dd33;;;2021-02-07 01:47:43.024000;2021-02-07 01:47:43.024000;;2021-02-07 01:47:43.024000;;;;;SUBMITTED;
601fb3ba0a720f053c000109;5fc961c3b8cfca11a077dd33;;;2021-02-07 09:32:42.110000;2021-02-07 09:32:42.110000;;2021-02-07 09:32:42.110000;;;;;SUBMITTED;
601f38af0a720f053c0000d4;5fc961c3b8cfca11a077dd33;;;2021-02-07 00:47:43.740000;2021-02-07 00:47:43.740000;;2021-02-07 00:47:43.740000;;;;;SUBMITTED;
60202b430a7214ad25000103;5fc961c3b8cfca11a077dd33;;;2021-02-07 18:02:43.380000;2021-02-07 18:02:43.380000;;2021-02-07 18:02:43.380000;;;;;SUBMITTED;
601f35290a7214ad2500009c;5fc961c3b8cfca11a077dd33;;;2021-02-07 00:32:41.166000;2021-02-07 00:32:41.166000;;2021-02-07 00:32:41.166000;;;;;SUBMITTED;
601f4dc50a7214ad250000a9;5fc961c3b8cfca11a077dd33;;;2021-02-07 02:17:41.107000;2021-02-07 02:17:41.107000;;2021-02-07 02:17:41.107000;;;;;SUBMITTED;
602017570a720f053c000132;5fc961c3b8cfca11a077dd33;;;2021-02-07 16:37:43.538000;2021-02-07 16:37:43.538000;;2021-02-07 16:37:43.538000;;;;;SUBMITTED;
601f58540a7214ad250000ad;5fc961c3b8cfca11a077dd33;;;2021-02-07 03:02:44.227000;2021-02-07 03:02:44.227000;;2021-02-07 03:02:44.227000;;;;;SUBMITTED;
601fcd820a7214ad250000db;5fc961c3b8cfca11a077dd33;;;2021-02-07 11:22:42.817000;2021-02-07 11:22:42.817000;;2021-02-07 11:22:42.817000;;;;;SUBMITTED;
601f39db0a720f053c0000d5;5fc961c3b8cfca11a077dd33;;;2021-02-07 00:52:43.505000;2021-02-07 00:52:43.505000;;2021-02-07 00:52:43.505000;;;;;SUBMITTED;
6020e91a0a720f053c000196;5fc961c3b8cfca11a077dd33;;;2021-02-08 07:32:42.438000;2021-02-08 07:32:42.438000;;2021-02-08 07:32:42.438000;;;;;SUBMITTED;
60217b960a720f05a8000012;5fc961c3b8cfca11a077dd33;;;2021-02-08 17:57:42.833000;2021-02-08 17:57:42.833000;;2021-02-08 17:57:42.833000;;;;;SUBMITTED;
60207fa20a7214ad25000123;5fc961c3b8cfca11a077dd33;;;2021-02-08 00:02:42.664000;2021-02-08 00:02:42.664000;;2021-02-08 00:02:42.664000;;;;;SUBMITTED;
60219c670a720f05a8000028;5fc961c3b8cfca11a077dd33;;;2021-02-08 20:17:43.678000;2021-02-08 20:17:43.678000;;2021-02-08 20:17:43.678000;;;;;SUBMITTED;
6020eb730a720f053c000197;5fc961c3b8cfca11a077dd33;;;2021-02-08 07:42:43.708000;2021-02-08 07:42:43.708000;;2021-02-08 07:42:43.708000;;;;;SUBMITTED;
602181720a7214d8e9000034;5fc961c3b8cfca11a077dd33;;;2021-02-08 18:22:42.167000;2021-02-08 18:22:42.167000;;2021-02-08 18:22:42.167000;;;;;SUBMITTED;
6021c0bb0a7214d8e900004e;5fc961c3b8cfca11a077dd33;;;2021-02-08 22:52:43.833000;2021-02-08 22:52:43.833000;;2021-02-08 22:52:43.833000;;;;;SUBMITTED;
6020e46b0a720f053c000194;5fc961c3b8cfca11a077dd33;;;2021-02-08 07:12:43.776000;2021-02-08 07:12:43.776000;;2021-02-08 07:12:43.776000;;;;;SUBMITTED;
6020c84a0a720f053c000187;5fc961c3b8cfca11a077dd33;;;2021-02-08 05:12:42.673000;2021-02-08 05:12:42.673000;;2021-02-08 05:12:42.673000;;;;;SUBMITTED;
60216d880a7214d8e9000004;5fc961c3b8cfca11a077dd33;;;2021-02-08 16:57:44.746000;2021-02-08 16:57:44.746000;;2021-02-08 16:57:44.746000;;;;;SUBMITTED;
6020a2cd0a720f053c000175;5fc961c3b8cfca11a077dd33;;;2021-02-08 02:32:45.209000;2021-02-08 02:32:45.209000;;2021-02-08 02:32:45.209000;;;;;SUBMITTED;
60212be60a7214ad25000166;5fc961c3b8cfca11a077dd33;;;2021-02-08 12:17:42.637000;2021-02-08 12:17:42.637000;;2021-02-08 12:17:42.637000;;;;;SUBMITTED;
6020ac2a0a720f053c000177;5fc961c3b8cfca11a077dd33;;;2021-02-08 03:12:42.492000;2021-02-08 03:12:42.492000;;2021-02-08 03:12:42.492000;;;;;SUBMITTED;
6021c56a0a720f05a8000036;5fc961c3b8cfca11a077dd33;;;2021-02-08 23:12:42.087000;2021-02-08 23:12:42.087000;;2021-02-08 23:12:42.087000;;;;;SUBMITTED;
6020b4610a7214ad25000139;5fc961c3b8cfca11a077dd33;;;2021-02-08 03:47:45.351000;2021-02-08 03:47:45.351000;;2021-02-08 03:47:45.351000;;;;;SUBMITTED;
6020e0e50a720f053c000193;5fc961c3b8cfca11a077dd33;;;2021-02-08 06:57:41.664000;2021-02-08 06:57:41.664000;;2021-02-08 06:57:41.664000;;;;;SUBMITTED;
602175ba0a7214d8e9000007;5fc961c3b8cfca11a077dd33;;;2021-02-08 17:32:42.799000;2021-02-08 17:32:42.799000;;2021-02-08 17:32:42.799000;;;;;SUBMITTED;
60217f1b0a720f05a8000016;5fc961c3b8cfca11a077dd33;;;2021-02-08 18:12:43.559000;2021-02-08 18:12:43.559000;;2021-02-08 18:12:43.559000;;;;;SUBMITTED;
6020cbce0a7214ad25000140;5fc961c3b8cfca11a077dd33;;;2021-02-08 05:27:42.778000;2021-02-08 05:27:42.778000;;2021-02-08 05:27:42.778000;;;;;SUBMITTED;
6021804a0a720f05a8000019;5fc961c3b8cfca11a077dd33;;;2021-02-08 18:17:46.021000;2021-02-08 18:17:46.021000;;2021-02-08 18:17:46.021000;;;;;SUBMITTED;
602198e50a720f05a8000027;5fc961c3b8cfca11a077dd33;;;2021-02-08 20:02:45.630000;2021-02-08 20:02:45.630000;;2021-02-08 20:02:45.630000;;;;;SUBMITTED;
602145ae0a720f0573000007;5fc961c3b8cfca11a077dd33;;;2021-02-08 14:07:42.418000;2021-02-08 14:07:42.418000;;2021-02-08 14:07:42.418000;;;;;SUBMITTED;
602176c90a7214d8e9000028;6021768799409b11fcf8987f;25;COMPLETE_NONPARTNER_RECEIPT;2021-02-08 17:37:13;2021-02-08 17:37:13;2021-02-08 17:37:13;2021-02-08 17:37:13;2021-02-08 17:37:13;25.0;2021-03-08 17:37:13;1;FINISHED;1.00
602116ce0a7214ad2500015e;5fc961c3b8cfca11a077dd33;;;2021-02-08 10:47:42.408000;2021-02-08 10:47:42.408000;;2021-02-08 10:47:42.408000;;;;;SUBMITTED;
6021ca1c0a720f05a8000039;5fc961c3b8cfca11a077dd33;;;2021-02-08 23:32:44.626000;2021-02-08 23:32:44.626000;;2021-02-08 23:32:44.626000;;;;;SUBMITTED;
6020faae0a7214ad25000152;5fc961c3b8cfca11a077dd33;;;2021-02-08 08:47:42.132000;2021-02-08 08:47:42.132000;;2021-02-08 08:47:42.132000;;;;;SUBMITTED;
602160a30a720f05c0000001;54ca99a9e4b0b11b4f7d6dc5;;;2021-02-08 16:02:43.085000;2021-02-08 16:02:43.085000;2021-02-08 16:02:51.310000;2021-02-08 16:02:43.085000;;;;;PENDING;
6020a0720a720f053c000173;5fc961c3b8cfca11a077dd33;;;2021-02-08 02:22:42.447000;2021-02-08 02:22:42.447000;;2021-02-08 02:22:42.447000;;;;;SUBMITTED;
6020f0220a7214ad25000150;5fc961c3b8cfca11a077dd33;;;2021-02-08 08:02:42.609000;2021-02-08 08:02:42.609000;;2021-02-08 08:02:42.609000;;;;;SUBMITTED;
60214de60a720f057300000b;5fc961c3b8cfca11a077dd33;;;2021-02-08 14:42:46.580000;2021-02-08 14:42:46.580000;;2021-02-08 14:42:46.580000;;;;;SUBMITTED;
6021f05f0a720f05a8000062;5fc961c3b8cfca11a077dd33;;;2021-02-09 02:15:59.511000;2021-02-09 02:15:59.511000;;2021-02-09 02:15:59.511000;;;;;SUBMITTED;
6021d37b0a720f05a800003c;5fc961c3b8cfca11a077dd33;;;2021-02-09 00:12:43.796000;2021-02-09 00:12:43.796000;;2021-02-09 00:12:43.796000;;;;;SUBMITTED;
6021ed3c0a720f05a800005f;5fc961c3b8cfca11a077dd33;;;2021-02-09 02:02:36.332000;2021-02-09 02:02:36.332000;;2021-02-09 02:02:36.332000;;;;;SUBMITTED;
6022f4e60a7214d8e9000112;5fc961c3b8cfca11a077dd33;;;2021-02-09 20:47:34.477000;2021-02-09 20:47:34.477000;;2021-02-09 20:47:34.477000;;;;;SUBMITTED;
6021ed890a720f05a8000060;5fc961c3b8cfca11a077dd33;;;2021-02-09 02:03:53.412000;2021-02-09 02:03:53.412000;;2021-02-09 02:03:53.412000;;;;;SUBMITTED;
6022b0ef0a7214d8e90000f3;5fc961c3b8cfca11a077dd33;;;2021-02-09 15:57:35.475000;2021-02-09 15:57:35.475000;;2021-02-09 15:57:35.475000;;;;;SUBMITTED;
6022d8c90a720f05a80000e7;5fc961c3b8cfca11a077dd33;;;2021-02-09 18:47:37.677000;2021-02-09 18:47:37.677000;;2021-02-09 18:47:37.677000;;;;;SUBMITTED;
60231cbd0a720f05a8000108;5fc961c3b8cfca11a077dd33;;;2021-02-09 23:37:33.799000;2021-02-09 23:37:33.799000;;2021-02-09 23:37:33.799000;;;;;SUBMITTED;
60227c330a720f05a800009c;5fc961c3b8cfca11a077dd33;;;2021-02-09 12:12:35.261000;2021-02-09 12:12:35.261000;;2021-02-09 12:12:35.261000;;;;;SUBMITTED;
6021efe50a7214d8e9000081;5fc961c3b8cfca11a077dd33;;;2021-02-09 02:13:57.436000;2021-02-09 02:13:57.436000;;2021-02-09 02:13:57.436000;;;;;SUBMITTED;
6022e8000a720f05a80000ef;5fc961c3b8cfca11a077dd33;;;2021-02-09 19:52:32.875000;2021-02-09 19:52:32.875000;;2021-02-09 19:52:32.875000;;;;;SUBMITTED;
6022c1580a7214d8e90000ff;5fc961c3b8cfca11a077dd33;;;2021-02-09 17:07:36.013000;2021-02-09 17:07:36.013000;;2021-02-09 17:07:36.013000;;;;;SUBMITTED;
602213e70a720f05a8000071;5fc961c3b8cfca11a077dd33;;;2021-02-09 04:47:35.216000;2021-02-09 04:47:35.216000;;2021-02-09 04:47:35.216000;;;;;SUBMITTED;
6023216c0a720f05a800010a;5fc961c3b8cfca11a077dd33;;;2021-02-09 23:57:32.242000;2021-02-09 23:57:32.242000;;2021-02-09 23:57:32.242000;;;;;SUBMITTED;
6021d63a0a7214d8e9000058;5fc961c3b8cfca11a077dd33;;;2021-02-09 00:24:26.044000;2021-02-09 00:24:26.044000;;2021-02-09 00:24:26.044000;;;;;SUBMITTED;
60223a950a7214d8e90000a2;5fc961c3b8cfca11a077dd33;;;2021-02-09 07:32:37.134000;2021-02-09 07:32:37.134000;;2021-02-09 07:32:37.134000;;;;;SUBMITTED;
602299b40a720f05a80000bc;6022998599409b11fcf89c53;5;All-receipts receipt bonus;2021-02-09 14:18:28;2021-02-09 14:18:28;2021-02-09 14:18:34;2021-02-09 14:18:34;2021-02-09 14:18:29;5.0;2021-02-08 14:18:28;2;FINISHED;1.00
602231350a7214d8e900009f;5fc961c3b8cfca11a077dd33;;;2021-02-09 06:52:37.105000;2021-02-09 06:52:37.105000;;2021-02-09 06:52:37.105000;;;;;SUBMITTED;
602299ad0a7214d8e90000d7;6022998599409b11fcf89c53;500;Receipt number 2 completed, bonus point schedule DEFAULT (5cefdcacf3693e0b50e83a36);2021-02-09 14:18:21;2021-02-09 14:18:21;2021-02-09 14:18:22;2021-02-09 14:18:22;2021-02-09 14:18:22;600.0;2021-02-08 14:18:21;1;FINISHED;1.00
6022d9f60a720f05a80000e8;5fc961c3b8cfca11a077dd33;;;2021-02-09 18:52:38.122000;2021-02-09 18:52:38.122000;;2021-02-09 18:52:38.122000;;;;;SUBMITTED;
602279db0a720f05a800009b;5fc961c3b8cfca11a077dd33;;;2021-02-09 12:02:35.383000;2021-02-09 12:02:35.383000;;2021-02-09 12:02:35.383000;;;;;SUBMITTED;
6022752b0a7214d8e90000be;5fc961c3b8cfca11a077dd33;;;2021-02-09 11:42:35.434000;2021-02-09 11:42:35.434000;;2021-02-09 11:42:35.434000;;;;;SUBMITTED;
602252050a7214d8e90000ae;5fc961c3b8cfca11a077dd33;;;2021-02-09 09:12:37.161000;2021-02-09 09:12:37.161000;;2021-02-09 09:12:37.161000;;;;;SUBMITTED;
6021ec5f0a720f05a800005d;5fc961c3b8cfca11a077dd33;;;2021-02-09 01:58:55.836000;2021-02-09 01:58:55.836000;;2021-02-09 01:58:55.836000;;;;;SUBMITTED;
6022c2820a720f05a80000dd;5fc961c3b8cfca11a077dd33;;;2021-02-09 17:12:34.173000;2021-02-09 17:12:34.173000;;2021-02-09 17:12:34.173000;;;;;SUBMITTED;
602202540a720f05a800006a;5fc961c3b8cfca11a077dd33;;;2021-02-09 03:32:36.194000;2021-02-09 03:32:36.194000;;2021-02-09 03:32:36.194000;;;;;SUBMITTED;
6022b6cb0a7214d8e90000f8;5fc961c3b8cfca11a077dd33;;;2021-02-09 16:22:35.601000;2021-02-09 16:22:35.601000;;2021-02-09 16:22:35.601000;;;;;SUBMITTED;
6022bb780a7214d8e90000fb;5fc961c3b8cfca11a077dd33;;;2021-02-09 16:42:32.812000;2021-02-09 16:42:32.812000;;2021-02-09 16:42:32.812000;;;;;SUBMITTED;
6021d8cf0a7214d8e900005c;5fc961c3b8cfca11a077dd33;;;2021-02-09 00:35:27.890000;2021-02-09 00:35:27.890000;;2021-02-09 00:35:27.890000;;;;;SUBMITTED;
602315b50a720f05a8000104;5fc961c3b8cfca11a077dd33;;;2021-02-09 23:07:33.799000;2021-02-09 23:07:33.799000;;2021-02-09 23:07:33.799000;;;;;SUBMITTED;
602344970a7214d8e900012f;5fc961c3b8cfca11a077dd33;;;2021-02-10 02:27:34.957000;2021-02-10 02:27:34.957000;;2021-02-10 02:27:34.957000;;;;;SUBMITTED;
6023e2c90a7214d8e9000175;5fc961c3b8cfca11a077dd33;;;2021-02-10 13:42:33.600000;2021-02-10 13:42:33.600000;;2021-02-10 13:42:33.600000;;;;;SUBMITTED;
602467370a720f05a80001b7;5fc961c3b8cfca11a077dd33;;;2021-02-10 23:07:34.982000;2021-02-10 23:07:34.982000;;2021-02-10 23:07:34.982000;;;;;SUBMITTED;
6024024b0a7214d8e900018d;602401f1c081001222409ad6;250;Receipt number 3 completed, bonus point schedule DEFAULT (5cefdcacf3693e0b50e83a36);2021-02-10 15:56:59;2021-02-10 15:56:59;2021-02-10 15:57:00;2021-02-10 15:57:00;2021-02-10 15:57:00;250.0;2021-02-05 06:00:00;5;FINISHED;25.00
602367ba0a720f05a800012e;5fc961c3b8cfca11a077dd33;;;2021-02-10 04:57:30.952000;2021-02-10 04:57:30.952000;;2021-02-10 04:57:30.952000;;;;;SUBMITTED;
602438550a720f05a8000192;5fc961c3b8cfca11a077dd33;;;2021-02-10 19:47:32.963000;2021-02-10 19:47:32.963000;;2021-02-10 19:47:32.963000;;;;;SUBMITTED;
602345c20a7214d8e9000130;5fc961c3b8cfca11a077dd33;;;2021-02-10 02:32:34.032000;2021-02-10 02:32:34.032000;;2021-02-10 02:32:34.032000;;;;;SUBMITTED;
60233c5f0a720f05a8000119;5fc961c3b8cfca11a077dd33;;;2021-02-10 01:52:31.891000;2021-02-10 01:52:31.891000;;2021-02-10 01:52:31.891000;;;;;SUBMITTED;
602454340a720f05a80001ae;60245433efa60112282c1859;750;Receipt number 1 completed, bonus point schedule DEFAULT (5cefdcacf3693e0b50e83a36);2021-02-10 21:46:28;2021-02-10 21:46:28;2021-02-10 21:46:29;2021-02-10 21:46:37;2021-02-10 21:46:29;789.2;2021-02-01 00:00:00;2;FINISHED;5.88
6023a2530a720f05a8000144;5fc961c3b8cfca11a077dd33;;;2021-02-10 09:07:31.494000;2021-02-10 09:07:31.494000;;2021-02-10 09:07:31.494000;;;;;SUBMITTED;
60245dd50a720f05a80001b2;5fc961c3b8cfca11a077dd33;;;2021-02-10 22:27:33.522000;2021-02-10 22:27:33.522000;;2021-02-10 22:27:33.522000;;;;;SUBMITTED;
60244d6e0a7214d8e90001c9;5fc961c3b8cfca11a077dd33;;;2021-02-10 21:17:34.415000;2021-02-10 21:17:34.415000;;2021-02-10 21:17:34.415000;;;;;SUBMITTED;
6024024b0a7214d8e900018c;602401f1c081001222409ad6;500;Receipt number 2 completed, bonus point schedule DEFAULT (5cefdcacf3693e0b50e83a36);2021-02-10 15:56:59;2021-02-10 15:56:59;2021-02-10 15:56:59;2021-02-10 15:56:59;2021-02-10 15:56:59;500.0;2021-02-07 06:00:00;5;FINISHED;25.00
602393180a720f05a800013d;5fc961c3b8cfca11a077dd33;;;2021-02-10 08:02:32.871000;2021-02-10 08:02:32.871000;;2021-02-10 08:02:32.871000;;;;;SUBMITTED;
6023bfa00a7214d8e9000168;5fc961c3b8cfca11a077dd33;;;2021-02-10 11:12:32.645000;2021-02-10 11:12:32.645000;;2021-02-10 11:12:32.645000;;;;;SUBMITTED;
602462850a720f05a80001b3;5fc961c3b8cfca11a077dd33;;;2021-02-10 22:47:33.140000;2021-02-10 22:47:33.140000;;2021-02-10 22:47:33.140000;;;;;SUBMITTED;
602429930a720f05a800018b;6024291f58b989121e6bad5f;;;2021-02-10 18:44:35;2021-02-10 18:44:35;2021-02-10 18:44:36;2021-02-10 18:44:36;2021-02-10 18:44:36;250.0;2021-02-07 06:00:00;5;FINISHED;49.95
602380580a7214d8e900014a;5fc961c3b8cfca11a077dd33;;;2021-02-10 06:42:32.679000;2021-02-10 06:42:32.679000;;2021-02-10 06:42:32.679000;;;;;SUBMITTED;
602402750a720f05a800016f;602401f1c081001222409ad6;5;All-receipts receipt bonus;2021-02-10 15:57:41;2021-02-10 15:57:41;2021-02-10 15:57:42;2021-02-10 15:57:42;2021-02-10 15:57:42;5.0;2021-01-27 00:00:00;5;FINISHED;49.95
602429640a720f05a8000187;54943462e4b07e684157a532;5;All-receipts receipt bonus;2021-02-10 18:43:48;2021-02-10 18:43:48;2021-02-10 18:43:49;2021-02-10 18:43:49;2021-02-10 18:43:49;5.0;2021-02-09 18:43:48;1;FINISHED;1.00
6023d0080a720f05a8000155;5fc961c3b8cfca11a077dd33;;;2021-02-10 12:22:32.291000;2021-02-10 12:22:32.291000;;2021-02-10 12:22:32.291000;;;;;SUBMITTED;
60243bdb0a720f05a80001a2;5fc961c3b8cfca11a077dd33;;;2021-02-10 20:02:35.866000;2021-02-10 20:02:35.866000;;2021-02-10 20:02:35.866000;;;;;SUBMITTED;
602460300a7214d8e90001d6;5fc961c3b8cfca11a077dd33;;;2021-02-10 22:37:36.896000;2021-02-10 22:37:36.896000;;2021-02-10 22:37:36.896000;;;;;SUBMITTED;
602331d70a720f05a8000113;5fc961c3b8cfca11a077dd33;;;2021-02-10 01:07:34.998000;2021-02-10 01:07:34.998000;;2021-02-10 01:07:34.998000;;;;;SUBMITTED;
60245f020a7214d8e90001d5;5fc961c3b8cfca11a077dd33;;;2021-02-10 22:32:34.356000;2021-02-10 22:32:34.356000;;2021-02-10 22:32:34.356000;;;;;SUBMITTED;
602427ec0a720f05a8000180;5fc961c3b8cfca11a077dd33;;;2021-02-10 18:37:32.121000;2021-02-10 18:37:32.121000;;2021-02-10 18:37:32.121000;;;;;SUBMITTED;
6023ee820a720f05a8000163;5fc961c3b8cfca11a077dd33;;;2021-02-10 14:32:34.736000;2021-02-10 14:32:34.736000;;2021-02-10 14:32:34.736000;;;;;SUBMITTED;
602439950a7214d8e90001c2;54943462e4b07e684157a532;5;All-receipts receipt bonus;2021-02-10 19:52:53;2021-02-10 19:52:53;2021-02-10 19:52:54;2021-02-10 19:52:54;2021-02-10 19:52:53;5.0;2021-01-28 19:52:53;1;FINISHED;1.00
602402600a7214d8e9000195;602401f1c081001222409ad6;5;All-receipts receipt bonus;2021-02-10 15:57:20;2021-02-10 15:57:20;2021-02-10 15:57:21;2021-02-10 15:57:21;2021-02-10 15:57:21;5.0;2021-02-09 15:57:20;4;FINISHED;4.66
6024397f0a720f05a8000199;5fc961c3b8cfca11a077dd33;;;2021-02-10 19:52:31.902000;2021-02-10 19:52:31.902000;;2021-02-10 19:52:31.902000;;;;;SUBMITTED;
60258c2b0a7214d8e900028f;5fc961c3b8cfca11a077dd33;;;2021-02-11 19:57:31.089000;2021-02-11 19:57:31.089000;;2021-02-11 19:57:31.089000;;;;;SUBMITTED;
602483540a7214d8e90001ea;5fc961c3b8cfca11a077dd33;;;2021-02-11 01:07:32.712000;2021-02-11 01:07:32.712000;;2021-02-11 01:07:32.712000;;;;;SUBMITTED;
602561fd0a7214d8e9000273;5fc961c3b8cfca11a077dd33;;;2021-02-11 16:57:33.588000;2021-02-11 16:57:33.588000;;2021-02-11 16:57:33.588000;;;;;SUBMITTED;
602566ae0a7214d8e900027b;5fc961c3b8cfca11a077dd33;;;2021-02-11 17:17:33.994000;2021-02-11 17:17:33.994000;;2021-02-11 17:17:33.995000;;;;;SUBMITTED;
60251e050a720f05a80001fc;5fc961c3b8cfca11a077dd33;;;2021-02-11 12:07:33.327000;2021-02-11 12:07:33.327000;;2021-02-11 12:07:33.327000;;;;;SUBMITTED;
60250b440a720f05a80001f5;5fc961c3b8cfca11a077dd33;;;2021-02-11 10:47:32.039000;2021-02-11 10:47:32.039000;;2021-02-11 10:47:32.039000;;;;;SUBMITTED;
602531f00a7214d8e900023e;5fc961c3b8cfca11a077dd33;;;2021-02-11 13:32:32.795000;2021-02-11 13:32:32.795000;;2021-02-11 13:32:32.795000;;;;;SUBMITTED;
6025a8580a720f05a8000270;5fc961c3b8cfca11a077dd33;;;2021-02-11 21:57:44.621000;2021-02-11 21:57:44.621000;;2021-02-11 21:57:44.621000;;;;;SUBMITTED;
602558b60a7214d8e9000266;602558b1efa60114d20e5dc7;5;All-receipts receipt bonus;2021-02-11 16:17:58;2021-02-11 16:17:58;2021-02-11 16:17:58;2021-02-11 16:18:03;2021-02-11 16:17:58;5.0;2021-02-11 00:00:00;5;FINISHED;26.00
6025386a0a7214d8e9000241;60253861efa6017a44dc6b50;500;Receipt number 2 completed, bonus point schedule DEFAULT (5cefdcacf3693e0b50e83a36);2021-02-11 14:00:10;2021-02-11 14:00:10;2021-02-11 14:00:18;2021-02-11 14:00:18;2021-02-11 14:00:11;500.0;2021-02-10 14:00:10;2;FINISHED;1.00
602569060a720f05a8000258;5fc961c3b8cfca11a077dd33;;;2021-02-11 17:27:34.884000;2021-02-11 17:27:34.884000;;2021-02-11 17:27:34.884000;;;;;SUBMITTED;
6024b5b70a720f05a80001d6;5fc961c3b8cfca11a077dd33;;;2021-02-11 04:42:31.213000;2021-02-11 04:42:31.213000;;2021-02-11 04:42:31.213000;;;;;SUBMITTED;
602538b30a7214d8e9000248;60253861efa6017a44dc6b50;25;COMPLETE_NONPARTNER_RECEIPT;2021-02-11 14:01:23;2021-02-11 14:01:23;2021-02-11 14:01:24;2021-02-11 14:01:24;2021-02-11 14:01:24;25.0;2021-02-04 00:00:00;1;FINISHED;10.00
6024f7570a7214d8e900021f;5fc961c3b8cfca11a077dd33;;;2021-02-11 09:22:31.539000;2021-02-11 09:22:31.539000;;2021-02-11 09:22:31.539000;;;;;SUBMITTED;
602585240a720f05a8000263;5fc961c3b8cfca11a077dd33;;;2021-02-11 19:27:32.038000;2021-02-11 19:27:32.038000;;2021-02-11 19:27:32.038000;;;;;SUBMITTED;
602552c10a7214d8e9000255;5fc961c3b8cfca11a077dd33;;;2021-02-11 15:52:33.439000;2021-02-11 15:52:33.439000;;2021-02-11 15:52:33.439000;;;;;SUBMITTED;
602538740a7214d8e9000246;60253861efa6017a44dc6b50;5;All-receipts receipt bonus;2021-02-11 14:00:20;2021-02-11 14:00:20;2021-02-11 14:00:22;2021-02-11 14:00:23;2021-02-11 14:00:22;5.0;2021-02-11 14:00:20;1;FINISHED;2.23
602538920a720f05a8000216;60253891b54593795bf69242;500;Receipt number 2 completed, bonus point schedule DEFAULT (5cefdcacf3693e0b50e83a36);2021-02-11 14:00:50;2021-02-11 14:00:50;2021-02-11 14:00:50;2021-02-11 14:00:55;2021-02-11 14:00:50;3500.0;2021-02-11 00:00:00;5;FINISHED;20.00
6024f17d0a720f05a80001ee;5fc961c3b8cfca11a077dd33;;;2021-02-11 08:57:32.987000;2021-02-11 08:57:32.987000;;2021-02-11 08:57:32.987000;;;;;SUBMITTED;
6025b2e10a7214d8e90002a3;5fc961c3b8cfca11a077dd33;;;2021-02-11 22:42:41.307000;2021-02-11 22:42:41.307000;;2021-02-11 22:42:41.307000;;;;;SUBMITTED;
6025c21e0a7214d8e90002ad;5fc961c3b8cfca11a077dd33;;;2021-02-11 23:47:42.861000;2021-02-11 23:47:42.861000;;2021-02-11 23:47:42.861000;;;;;SUBMITTED;
6024aa030a720f05a80001d0;5fc961c3b8cfca11a077dd33;;;2021-02-11 03:52:35.364000;2021-02-11 03:52:35.364000;;2021-02-11 03:52:35.364000;;;;;SUBMITTED;
602573920a720f05a800025d;5fc961c3b8cfca11a077dd33;;;2021-02-11 18:12:34.469000;2021-02-11 18:12:34.469000;;2021-02-11 18:12:34.469000;;;;;SUBMITTED;
602581a10a720f05a8000262;5fc961c3b8cfca11a077dd33;;;2021-02-11 19:12:33.910000;2021-02-11 19:12:33.910000;;2021-02-11 19:12:33.910000;;;;;SUBMITTED;
6025263b0a720f05a80001ff;5fc961c3b8cfca11a077dd33;;;2021-02-11 12:42:35.259000;2021-02-11 12:42:35.259000;;2021-02-11 12:42:35.259000;;;;;SUBMITTED;
602558a90a720f05a8000240;60255883efa60114d20e5d4e;5;All-receipts receipt bonus;2021-02-11 16:17:45;2021-02-11 16:17:45;2021-02-11 16:17:51;2021-02-11 16:17:51;2021-02-11 16:17:46;5.0;2021-02-10 16:17:45;2;FINISHED;1.00
602515cf0a7214d8e9000231;5fc961c3b8cfca11a077dd33;;;2021-02-11 11:32:31.504000;2021-02-11 11:32:31.504000;;2021-02-11 11:32:31.504000;;;;;SUBMITTED;
602538960a720f05a800021b;60253891b54593795bf69242;5;All-receipts receipt bonus;2021-02-11 14:00:53;2021-02-11 14:00:53;2021-02-11 14:00:54;2021-02-11 14:00:59;2021-02-11 14:00:54;5.0;2021-02-11 00:00:00;2;FINISHED;23.00
602558b40a7214d8e9000263;602558b1efa60114d20e5dc7;150;Receipt number 5 completed, bonus point schedule DEFAULT (5cefdcacf3693e0b50e83a36);2021-02-11 16:17:56;2021-02-11 16:17:56;2021-02-11 16:17:56;2021-02-11 16:18:01;2021-02-11 16:17:56;150.0;2021-02-11 00:00:00;2;FINISHED;26.00
6025495f0a720f05a8000231;5fc961c3b8cfca11a077dd33;;;2021-02-11 15:12:31.768000;2021-02-11 15:12:31.768000;;2021-02-11 15:12:31.768000;;;;;SUBMITTED;
6025fcb40a7214d8e90002c3;5fc961c3b8cfca11a077dd33;;;2021-02-12 03:57:40.742000;2021-02-12 03:57:40.742000;;2021-02-12 03:57:40.742000;;;;;SUBMITTED;
6026ef4b0a7214d8e9000349;5fc961c3b8cfca11a077dd33;;;2021-02-12 21:12:43.241000;2021-02-12 21:12:43.241000;;2021-02-12 21:12:43.241000;;;;;SUBMITTED;
60268cab0a7214d8e9000315;54943462e4b07e684157a532;5;All-receipts receipt bonus;2021-02-12 14:11:55;2021-02-12 14:11:55;2021-02-12 14:11:58;2021-02-12 14:12:03;2021-02-12 14:11:57;5.0;2021-02-11 14:11:55;2;FINISHED;11.00
602686ff0a7214d8e9000301;5fc961c3b8cfca11a077dd33;;;2021-02-12 13:47:43.139000;2021-02-12 13:47:43.139000;;2021-02-12 13:47:43.139000;;;;;SUBMITTED;
602623610a720f05a80002a2;5fc961c3b8cfca11a077dd33;;;2021-02-12 06:42:41.802000;2021-02-12 06:42:41.802000;;2021-02-12 06:42:41.802000;;;;;SUBMITTED;
60267a190a7214d8e90002fa;5fc961c3b8cfca11a077dd33;;;2021-02-12 12:52:41.801000;2021-02-12 12:52:41.801000;;2021-02-12 12:52:41.801000;;;;;SUBMITTED;
6026fc2f0a720f05a8000311;5fc961c3b8cfca11a077dd33;;;2021-02-12 22:07:43.589000;2021-02-12 22:07:43.589000;;2021-02-12 22:07:43.589000;;;;;SUBMITTED;
60267c710a720f05a80002c9;5fc961c3b8cfca11a077dd33;;;2021-02-12 13:02:41.695000;2021-02-12 13:02:41.695000;;2021-02-12 13:02:41.695000;;;;;SUBMITTED;
6025cf030a7214d8e90002b2;5fc961c3b8cfca11a077dd33;;;2021-02-12 00:42:43.648000;2021-02-12 00:42:43.648000;;2021-02-12 00:42:43.648000;;;;;SUBMITTED;
6026963b0a7214d8e900031a;5fc961c3b8cfca11a077dd33;;;2021-02-12 14:52:43.419000;2021-02-12 14:52:43.419000;;2021-02-12 14:52:43.419000;;;;;SUBMITTED;
6025fde20a720f05a8000294;5fc961c3b8cfca11a077dd33;;;2021-02-12 04:02:42.814000;2021-02-12 04:02:42.814000;;2021-02-12 04:02:42.814000;;;;;SUBMITTED;
6025dabc0a720f05a8000283;5fc961c3b8cfca11a077dd33;;;2021-02-12 01:32:44.228000;2021-02-12 01:32:44.228000;;2021-02-12 01:32:44.228000;;;;;SUBMITTED;
60263d290a7214d8e90002e3;5fc961c3b8cfca11a077dd33;;;2021-02-12 08:32:41.685000;2021-02-12 08:32:41.685000;;2021-02-12 08:32:41.685000;;;;;SUBMITTED;
602644300a720f05a80002af;5fc961c3b8cfca11a077dd33;;;2021-02-12 09:02:40.812000;2021-02-12 09:02:40.812000;;2021-02-12 09:02:40.812000;;;;;SUBMITTED;
6026f0780a720f05a800030c;5fc961c3b8cfca11a077dd33;;;2021-02-12 21:17:44.263000;2021-02-12 21:17:44.263000;;2021-02-12 21:17:44.263000;;;;;SUBMITTED;
60268caf0a720f05a80002e2;60268c69efa6011bb151075f;25;COMPLETE_NONPARTNER_RECEIPT;2021-02-12 14:11:59;2021-02-12 14:11:59;2021-02-12 14:12:00;2021-02-12 14:12:05;2021-02-12 14:12:00;35.0;2021-02-11 14:11:59;1;FINISHED;1.00
60268c7e0a7214d8e9000309;60268c7bb545931ac63683af;100;Receipt number 6 completed, bonus point schedule DEFAULT (5cefdcacf3693e0b50e83a36);2021-02-12 14:11:10;2021-02-12 14:11:10;2021-02-12 14:11:11;2021-02-12 14:11:16;2021-02-12 14:11:11;100.0;2021-02-12 00:00:00;3;FINISHED;29.00
602671e50a720f05a80002c4;5fc961c3b8cfca11a077dd33;;;2021-02-12 12:17:41.231000;2021-02-12 12:17:41.231000;;2021-02-12 12:17:41.231000;;;;;SUBMITTED;
6026329d0a720f05a80002a7;5fc961c3b8cfca11a077dd33;;;2021-02-12 07:47:41.373000;2021-02-12 07:47:41.373000;;2021-02-12 07:47:41.373000;;;;;SUBMITTED;
60264b390a720f05a80002b0;5fc961c3b8cfca11a077dd33;;;2021-02-12 09:32:41.176000;2021-02-12 09:32:41.176000;;2021-02-12 09:32:41.176000;;;;;SUBMITTED;
60265f250a720f05a80002ba;5fc961c3b8cfca11a077dd33;;;2021-02-12 10:57:41.421000;2021-02-12 10:57:41.421000;;2021-02-12 10:57:41.421000;;;;;SUBMITTED;
60268c790a7214d8e9000306;60268c78efa6011bb151077d;750;Receipt number 1 completed, bonus point schedule DEFAULT (5cefdcacf3693e0b50e83a36);2021-02-12 14:11:05;2021-02-12 14:11:05;2021-02-12 14:11:05;2021-02-12 14:11:11;2021-02-12 14:11:05;850.0;2021-02-12 00:00:00;1;FINISHED;25.00
60267d9d0a7214d8e90002fb;5fc961c3b8cfca11a077dd33;;;2021-02-12 13:07:41.660000;2021-02-12 13:07:41.660000;;2021-02-12 13:07:41.660000;;;;;SUBMITTED;
6025f0fe0a720f05a800028f;5fc961c3b8cfca11a077dd33;;;2021-02-12 03:07:42.814000;2021-02-12 03:07:42.814000;;2021-02-12 03:07:42.814000;;;;;SUBMITTED;
602667590a7214d8e90002f3;5fc961c3b8cfca11a077dd33;;;2021-02-12 11:32:41.696000;2021-02-12 11:32:41.696000;;2021-02-12 11:32:41.696000;;;;;SUBMITTED;
6026c3f00a7214d8e9000337;5fc961c3b8cfca11a077dd33;;;2021-02-12 18:07:44.107000;2021-02-12 18:07:44.107000;;2021-02-12 18:07:44.107000;;;;;SUBMITTED;
6026f2cd0a7214d8e900034b;5fc961c3b8cfca11a077dd33;;;2021-02-12 21:27:41.827000;2021-02-12 21:27:41.827000;;2021-02-12 21:27:41.827000;;;;;SUBMITTED;
6026dc8a0a7214d8e9000343;5fc961c3b8cfca11a077dd33;;;2021-02-12 19:52:42.453000;2021-02-12 19:52:42.453000;;2021-02-12 19:52:42.453000;;;;;SUBMITTED;
6026b71f0a720f05a80002f0;5fc961c3b8cfca11a077dd33;;;2021-02-12 17:13:03.729000;2021-02-12 17:13:03.729000;;2021-02-12 17:13:03.729000;;;;;SUBMITTED;
6026ada90a720f05a80002ed;5fc961c3b8cfca11a077dd33;;;2021-02-12 16:32:41.017000;2021-02-12 16:32:41.017000;;2021-02-12 16:32:41.017000;;;;;SUBMITTED;
603983e20a7217c72c000138;5fc961c3b8cfca11a077dd33;25;COMPLETE_NONPARTNER_RECEIPT;2021-02-26 23:27:30;2021-02-26 23:27:30;;2021-02-26 23:27:30;;25.0;2020-08-17 00:00:00;2;REJECTED;34.96
60393fef0a7217c72c0000ec;5fc961c3b8cfca11a077dd33;;;2021-02-26 18:37:35.132000;2021-02-26 18:37:35.132000;;2021-02-26 18:37:35.132000;;;;;SUBMITTED;
603908dd0a7217c72c0000d4;5fc961c3b8cfca11a077dd33;;;2021-02-26 14:42:37.551000;2021-02-26 14:42:37.551000;;2021-02-26 14:42:37.551000;;;;;SUBMITTED;
60395d3c0a7217c72c0000f9;5fc961c3b8cfca11a077dd33;;;2021-02-26 20:42:36.094000;2021-02-26 20:42:36.094000;;2021-02-26 20:42:36.094000;;;;;SUBMITTED;
603877bb0a720fde10000074;5fc961c3b8cfca11a077dd33;;;2021-02-26 04:23:23.497000;2021-02-26 04:23:23.497000;;2021-02-26 04:23:23.497000;;;;;SUBMITTED;
603882140a7217c72c00009c;5fc961c3b8cfca11a077dd33;;;2021-02-26 05:07:32.637000;2021-02-26 05:07:32.637000;;2021-02-26 05:07:32.637000;;;;;SUBMITTED;
603862720a720fde1000006b;5fc961c3b8cfca11a077dd33;;;2021-02-26 02:52:34.613000;2021-02-26 02:52:34.613000;;2021-02-26 02:52:34.613000;;;;;SUBMITTED;
6038e1020a720fde100000a4;5fc961c3b8cfca11a077dd33;;;2021-02-26 11:52:34.138000;2021-02-26 11:52:34.138000;;2021-02-26 11:52:34.138000;;;;;SUBMITTED;
60395c0e0a720fde100000d7;5fc961c3b8cfca11a077dd33;;;2021-02-26 20:37:34.171000;2021-02-26 20:37:34.171000;;2021-02-26 20:37:34.171000;;;;;SUBMITTED;
603989c30a720fde10000111;5fc961c3b8cfca11a077dd33;;;2021-02-26 23:52:35.905000;2021-02-26 23:52:35.905000;;2021-02-26 23:52:35.905000;;;;;SUBMITTED;
603973f80a720fde100000e3;5fc961c3b8cfca11a077dd33;25;COMPLETE_NONPARTNER_RECEIPT;2021-02-26 22:19:36;2021-02-26 22:19:36;;2021-02-26 22:34:51;;25.0;2020-08-17 00:00:00;2;REJECTED;34.96
60392f870a7217c72c0000e7;5fc961c3b8cfca11a077dd33;;;2021-02-26 17:27:35.886000;2021-02-26 17:27:35.886000;;2021-02-26 17:27:35.886000;;;;;SUBMITTED;
603905540a720fde100000b3;5fc961c3b8cfca11a077dd33;;;2021-02-26 14:27:32.018000;2021-02-26 14:27:32.018000;;2021-02-26 14:27:32.018000;;;;;SUBMITTED;
60394dff0a720fde100000d1;5fc961c3b8cfca11a077dd33;;;2021-02-26 19:37:35.062000;2021-02-26 19:37:35.062000;;2021-02-26 19:37:35.062000;;;;;SUBMITTED;
60392d2d0a720fde100000c1;5fc961c3b8cfca11a077dd33;;;2021-02-26 17:17:33.063000;2021-02-26 17:17:33.063000;;2021-02-26 17:17:33.063000;;;;;SUBMITTED;
60397f340a7217c72c000133;5fc961c3b8cfca11a077dd33;;;2021-02-26 23:07:32.212000;2021-02-26 23:07:32.212000;;2021-02-26 23:07:32.212000;;;;;SUBMITTED;
603978600a7217c72c00010b;5fc961c3b8cfca11a077dd33;25;COMPLETE_NONPARTNER_RECEIPT;2021-02-26 22:38:24;2021-02-26 22:38:24;;2021-02-26 22:38:37;;25.0;2021-02-09 00:00:00;2;REJECTED;25.58
6038a5400a720fde10000088;5fc961c3b8cfca11a077dd33;;;2021-02-26 07:37:35.831000;2021-02-26 07:37:35.831000;;2021-02-26 07:37:35.831000;;;;;SUBMITTED;
60391f210a7217c72c0000de;5fc961c3b8cfca11a077dd33;;;2021-02-26 16:17:37.288000;2021-02-26 16:17:37.288000;;2021-02-26 16:17:37.288000;;;;;SUBMITTED;
60386aa50a7217c72c000091;5fc961c3b8cfca11a077dd33;;;2021-02-26 03:27:33.755000;2021-02-26 03:27:33.755000;;2021-02-26 03:27:33.755000;;;;;SUBMITTED;
6038e4840a720fde100000a6;5fc961c3b8cfca11a077dd33;;;2021-02-26 12:07:32.026000;2021-02-26 12:07:32.026000;;2021-02-26 12:07:32.026000;;;;;SUBMITTED;
6038dd7c0a7217c72c0000c0;5fc961c3b8cfca11a077dd33;;;2021-02-26 11:37:32.311000;2021-02-26 11:37:32.311000;;2021-02-26 11:37:32.311000;;;;;SUBMITTED;
603977e70a720fde100000e8;5fc961c3b8cfca11a077dd33;25;COMPLETE_NONPARTNER_RECEIPT;2021-02-26 22:36:23;2021-02-26 22:36:23;2021-02-26 22:36:25;2021-02-26 22:36:32;2021-02-26 22:36:25;25.0;2021-02-24 00:00:00;1;FINISHED;3.99
6038f2950a7217c72c0000ca;5fc961c3b8cfca11a077dd33;;;2021-02-26 13:07:33.064000;2021-02-26 13:07:33.064000;;2021-02-26 13:07:33.064000;;;;;SUBMITTED;
603900a60a720fde100000b1;5fc961c3b8cfca11a077dd33;;;2021-02-26 14:07:34.716000;2021-02-26 14:07:34.716000;;2021-02-26 14:07:34.716000;;;;;SUBMITTED;
603946f60a720fde100000ce;5fc961c3b8cfca11a077dd33;;;2021-02-26 19:07:34.585000;2021-02-26 19:07:34.585000;;2021-02-26 19:07:34.585000;;;;;SUBMITTED;
603943720a7217c72c0000ed;5fc961c3b8cfca11a077dd33;;;2021-02-26 18:52:34.121000;2021-02-26 18:52:34.121000;;2021-02-26 18:52:34.121000;;;;;SUBMITTED;
60390eb50a720fde100000b7;5fc961c3b8cfca11a077dd33;;;2021-02-26 15:07:33.453000;2021-02-26 15:07:33.453000;;2021-02-26 15:07:33.453000;;;;;SUBMITTED;
6039575d0a7217c72c0000f7;5fc961c3b8cfca11a077dd33;;;2021-02-26 20:17:33.288000;2021-02-26 20:17:33.288000;;2021-02-26 20:17:33.288000;;;;;SUBMITTED;
6038cabd0a720fde1000009c;5fc961c3b8cfca11a077dd33;;;2021-02-26 10:17:33.322000;2021-02-26 10:17:33.322000;;2021-02-26 10:17:33.322000;;;;;SUBMITTED;
603a2a470a720fde10000197;5fc961c3b8cfca11a077dd33;25;COMPLETE_NONPARTNER_RECEIPT;2021-02-27 11:17:27;2021-02-27 11:17:27;;2021-02-27 11:17:28;;25.0;2020-08-17 00:00:00;2;REJECTED;34.96
603a327b0a7217c72c0001d1;5fc961c3b8cfca11a077dd33;25;COMPLETE_NONPARTNER_RECEIPT;2021-02-27 11:52:27;2021-02-27 11:52:27;;2021-02-27 11:52:28;;25.0;2020-08-17 00:00:00;2;REJECTED;34.96
603a81090a720fde100001e0;5fc961c3b8cfca11a077dd33;;;2021-02-27 17:27:37.226000;2021-02-27 17:27:37.226000;;2021-02-27 17:27:37.226000;;;;;SUBMITTED;
603a54770a720fde100001bd;5fc961c3b8cfca11a077dd33;25;COMPLETE_NONPARTNER_RECEIPT;2021-02-27 14:17:27;2021-02-27 14:17:27;;2021-02-27 14:17:28;;25.0;2020-08-17 00:00:00;2;REJECTED;34.96
6039fa430a720fde10000174;5fc961c3b8cfca11a077dd33;;;2021-02-27 07:52:35.895000;2021-02-27 07:52:35.895000;;2021-02-27 07:52:35.895000;;;;;SUBMITTED;
603a466f0a720fde100001ae;5fc961c3b8cfca11a077dd33;;;2021-02-27 13:17:35.009000;2021-02-27 13:17:35.009000;;2021-02-27 13:17:35.009000;;;;;SUBMITTED;
6039f3340a720fde1000016f;5fc961c3b8cfca11a077dd33;25;COMPLETE_NONPARTNER_RECEIPT;2021-02-27 07:22:28;2021-02-27 07:22:28;;2021-02-27 07:22:28;;25.0;2020-08-17 00:00:00;2;REJECTED;34.96
603996a70a7217c72c000145;5fc961c3b8cfca11a077dd33;;;2021-02-27 00:47:35.194000;2021-02-27 00:47:35.194000;;2021-02-27 00:47:35.194000;;;;;SUBMITTED;
603a097e0a720fde10000180;5fc961c3b8cfca11a077dd33;;;2021-02-27 08:57:34.020000;2021-02-27 08:57:34.020000;;2021-02-27 08:57:34.020000;;;;;SUBMITTED;
6039be770a720fde10000143;5fc961c3b8cfca11a077dd33;25;COMPLETE_NONPARTNER_RECEIPT;2021-02-27 03:37:27;2021-02-27 03:37:27;;2021-02-27 03:37:28;;25.0;2020-08-17 00:00:00;2;REJECTED;34.96
603a479d0a7217c72c0001e7;5fc961c3b8cfca11a077dd33;;;2021-02-27 13:22:37.305000;2021-02-27 13:22:37.305000;;2021-02-27 13:22:37.305000;;;;;SUBMITTED;
6039d4bc0a7217c72c000184;5fc961c3b8cfca11a077dd33;25;COMPLETE_NONPARTNER_RECEIPT;2021-02-27 05:12:28;2021-02-27 05:12:28;;2021-02-27 05:12:29;;25.0;2020-08-17 00:00:00;2;REJECTED;34.96
603a001e0a7217c72c0001a0;5fc961c3b8cfca11a077dd33;;;2021-02-27 08:17:34.589000;2021-02-27 08:17:34.589000;;2021-02-27 08:17:34.589000;;;;;SUBMITTED;
603a398a0a7217c72c0001da;5fc961c3b8cfca11a077dd33;;;2021-02-27 12:22:34.453000;2021-02-27 12:22:34.453000;;2021-02-27 12:22:34.453000;;;;;SUBMITTED;
6039b8a20a7217c72c000164;5fc961c3b8cfca11a077dd33;;;2021-02-27 03:12:34.868000;2021-02-27 03:12:34.868000;;2021-02-27 03:12:34.868000;;;;;SUBMITTED;
603997d20a720fde10000124;5fc961c3b8cfca11a077dd33;;;2021-02-27 00:52:34.480000;2021-02-27 00:52:34.480000;;2021-02-27 00:52:34.480000;;;;;SUBMITTED;
603a16620a7217c72c0001b8;5fc961c3b8cfca11a077dd33;;;2021-02-27 09:52:34.507000;2021-02-27 09:52:34.507000;;2021-02-27 09:52:34.507000;;;;;SUBMITTED;
603a90430a7217c72c000226;5fc961c3b8cfca11a077dd33;;;2021-02-27 18:32:35.382000;2021-02-27 18:32:35.382000;;2021-02-27 18:32:35.382000;;;;;SUBMITTED;
603995740a720fde10000120;5fc961c3b8cfca11a077dd33;25;COMPLETE_NONPARTNER_RECEIPT;2021-02-27 00:42:28;2021-02-27 00:42:28;;2021-02-27 00:42:29;;25.0;2020-08-17 00:00:00;2;REJECTED;34.96
603a698f0a720fde100001d1;5fc961c3b8cfca11a077dd33;25;COMPLETE_NONPARTNER_RECEIPT;2021-02-27 15:47:27;2021-02-27 15:47:27;;2021-02-27 15:47:28;;25.0;2020-08-17 00:00:00;2;REJECTED;34.96
603ac2a60a720fde10000217;5fc961c3b8cfca11a077dd33;;;2021-02-27 22:07:34.763000;2021-02-27 22:07:34.763000;;2021-02-27 22:07:34.763000;;;;;SUBMITTED;
603a86df0a720fde100001e3;5fc961c3b8cfca11a077dd33;25;COMPLETE_NONPARTNER_RECEIPT;2021-02-27 17:52:31;2021-02-27 17:52:31;;2021-02-27 17:52:32;;25.0;2020-08-17 00:00:00;2;REJECTED;34.96
603aa55a0a7217c72c000233;5fc961c3b8cfca11a077dd33;;;2021-02-27 20:02:34.525000;2021-02-27 20:02:34.525000;;2021-02-27 20:02:34.525000;;;;;SUBMITTED;
6039f7e30a7217c72c00019a;5fc961c3b8cfca11a077dd33;25;COMPLETE_NONPARTNER_RECEIPT;2021-02-27 07:42:27;2021-02-27 07:42:27;;2021-02-27 07:42:28;;25.0;2020-08-17 00:00:00;2;REJECTED;34.96
603a72f60a7217c72c000206;5fc961c3b8cfca11a077dd33;;;2021-02-27 16:27:34.465000;2021-02-27 16:27:34.465000;;2021-02-27 16:27:34.465000;;;;;SUBMITTED;
603a70a10a720fde100001d9;5fc961c3b8cfca11a077dd33;;;2021-02-27 16:17:37.078000;2021-02-27 16:17:37.078000;;2021-02-27 16:17:37.078000;;;;;SUBMITTED;
603aab2f0a7217c72c00023a;5fc961c3b8cfca11a077dd33;25;COMPLETE_NONPARTNER_RECEIPT;2021-02-27 20:27:27;2021-02-27 20:27:27;;2021-02-27 20:27:28;;25.0;2020-08-17 00:00:00;2;REJECTED;34.96
603abdf60a7217c72c00024d;5fc961c3b8cfca11a077dd33;;;2021-02-27 21:47:34.253000;2021-02-27 21:47:34.253000;;2021-02-27 21:47:34.253000;;;;;SUBMITTED;
603a85b70a720fde100001e2;5fc961c3b8cfca11a077dd33;;;2021-02-27 17:47:35.915000;2021-02-27 17:47:35.915000;;2021-02-27 17:47:35.915000;;;;;SUBMITTED;
603a221b0a7217c72c0001c1;5fc961c3b8cfca11a077dd33;;;2021-02-27 10:42:35.264000;2021-02-27 10:42:35.264000;;2021-02-27 10:42:35.264000;;;;;SUBMITTED;
603b9a3f0a720fde100002d3;5fc961c3b8cfca11a077dd33;25;COMPLETE_NONPARTNER_RECEIPT;2021-02-28 13:27:27;2021-02-28 13:27:27;;2021-02-28 13:27:28;;25.0;2020-08-17 00:00:00;2;REJECTED;34.96
603b991b0a720fde100002d2;5fc961c3b8cfca11a077dd33;;;2021-02-28 13:22:35.358000;2021-02-28 13:22:35.358000;;2021-02-28 13:22:35.358000;;;;;SUBMITTED;
603bf0fe0a7217c72c00034f;5fc961c3b8cfca11a077dd33;;;2021-02-28 19:37:34.389000;2021-02-28 19:37:34.389000;;2021-02-28 19:37:34.389000;;;;;SUBMITTED;
603b7bcf0a7217c72c0002ec;5fc961c3b8cfca11a077dd33;;;2021-02-28 11:17:35.369000;2021-02-28 11:17:35.369000;;2021-02-28 11:17:35.369000;;;;;SUBMITTED;
603af1800a7217c72c00027b;5fc961c3b8cfca11a077dd33;25;COMPLETE_NONPARTNER_RECEIPT;2021-02-28 01:27:28;2021-02-28 01:27:28;;2021-02-28 01:27:29;;25.0;2020-08-17 00:00:00;2;REJECTED;34.96
603c25b30a720fde1000035b;5fc961c3b8cfca11a077dd33;25;COMPLETE_NONPARTNER_RECEIPT;2021-02-28 23:22:27;2021-02-28 23:22:27;;2021-02-28 23:22:28;;25.0;2020-08-17 00:00:00;2;REJECTED;34.96
603b18350a7217c72c00029e;5fc961c3b8cfca11a077dd33;;;2021-02-28 04:12:37.474000;2021-02-28 04:12:37.474000;;2021-02-28 04:12:37.474000;;;;;SUBMITTED;
603b7e260a720fde100002b8;5fc961c3b8cfca11a077dd33;;;2021-02-28 11:27:34.288000;2021-02-28 11:27:34.288000;;2021-02-28 11:27:34.288000;;;;;SUBMITTED;
603af05c0a7217c72c00027a;5fc961c3b8cfca11a077dd33;;;2021-02-28 01:22:36.150000;2021-02-28 01:22:36.150000;;2021-02-28 01:22:36.150000;;;;;SUBMITTED;
603b2c1a0a7217c72c0002a9;5fc961c3b8cfca11a077dd33;25;COMPLETE_NONPARTNER_RECEIPT;2021-02-28 05:37:30;2021-02-28 05:37:30;;2021-02-28 05:37:30;;25.0;2020-08-17 00:00:00;2;REJECTED;34.96
603bd1570a7217c72c000337;5fc961c3b8cfca11a077dd33;25;COMPLETE_NONPARTNER_RECEIPT;2021-02-28 17:22:31;2021-02-28 17:22:31;;2021-02-28 17:22:31;;25.0;2020-08-17 00:00:00;2;REJECTED;34.96
603bcdd00a7217c72c000335;5fc961c3b8cfca11a077dd33;25;COMPLETE_NONPARTNER_RECEIPT;2021-02-28 17:07:28;2021-02-28 17:07:28;;2021-02-28 17:07:29;;25.0;2020-08-17 00:00:00;2;REJECTED;34.96
603b0b4a0a720fde1000024e;5fc961c3b8cfca11a077dd33;25;COMPLETE_NONPARTNER_RECEIPT;2021-02-28 03:17:30;2021-02-28 03:17:30;;2021-02-28 03:17:31;;25.0;2020-08-17 00:00:00;2;REJECTED;34.96
603af7660a7217c72c000280;5fc961c3b8cfca11a077dd33;;;2021-02-28 01:52:38.608000;2021-02-28 01:52:38.608000;;2021-02-28 01:52:38.608000;;;;;SUBMITTED;
603b1a8c0a720fde1000025d;5fc961c3b8cfca11a077dd33;;;2021-02-28 04:22:36.166000;2021-02-28 04:22:36.166000;;2021-02-28 04:22:36.166000;;;;;SUBMITTED;
603bdbe10a7217c72c00033e;5fc961c3b8cfca11a077dd33;25;COMPLETE_NONPARTNER_RECEIPT;2021-02-28 18:07:29;2021-02-28 18:07:29;;2021-02-28 18:07:30;;25.0;2020-08-17 00:00:00;2;REJECTED;34.96
603b77170a7217c72c0002e6;5fc961c3b8cfca11a077dd33;25;COMPLETE_NONPARTNER_RECEIPT;2021-02-28 10:57:27;2021-02-28 10:57:27;;2021-02-28 10:57:28;;25.0;2020-08-17 00:00:00;2;REJECTED;34.96
603b4f3f0a7217c72c0002c9;5fc961c3b8cfca11a077dd33;25;COMPLETE_NONPARTNER_RECEIPT;2021-02-28 08:07:27;2021-02-28 08:07:27;;2021-02-28 08:07:28;;25.0;2020-08-17 00:00:00;2;REJECTED;34.96
603c0ac20a7217c72c00035c;5fc961c3b8cfca11a077dd33;25;COMPLETE_NONPARTNER_RECEIPT;2021-02-28 21:27:30;2021-02-28 21:27:30;;2021-02-28 21:27:31;;25.0;2020-08-17 00:00:00;2;REJECTED;34.96
603b37d80a7217c72c0002b3;5fc961c3b8cfca11a077dd33;;;2021-02-28 06:27:36.453000;2021-02-28 06:27:36.453000;;2021-02-28 06:27:36.453000;;;;;SUBMITTED;
603bf4830a720fde10000320;5fc961c3b8cfca11a077dd33;;;2021-02-28 19:52:35.205000;2021-02-28 19:52:35.205000;;2021-02-28 19:52:35.205000;;;;;SUBMITTED;
603afc0e0a720fde10000243;5fc961c3b8cfca11a077dd33;25;COMPLETE_NONPARTNER_RECEIPT;2021-02-28 02:12:30;2021-02-28 02:12:30;;2021-02-28 02:12:31;;25.0;2020-08-17 00:00:00;2;REJECTED;34.96
603b26430a720fde1000026c;5fc961c3b8cfca11a077dd33;;;2021-02-28 05:12:35.950000;2021-02-28 05:12:35.950000;;2021-02-28 05:12:35.950000;;;;;SUBMITTED;
603adfeb0a7217c72c000265;5fc961c3b8cfca11a077dd33;25;COMPLETE_NONPARTNER_RECEIPT;2021-02-28 00:12:27;2021-02-28 00:12:27;;2021-02-28 00:12:28;;25.0;2020-08-17 00:00:00;2;REJECTED;34.96
603add9a0a7217c72c000263;5fc961c3b8cfca11a077dd33;;;2021-02-28 00:02:34.325000;2021-02-28 00:02:34.325000;;2021-02-28 00:02:34.325000;;;;;SUBMITTED;
603babdb0a720fde100002e1;5fc961c3b8cfca11a077dd33;;;2021-02-28 14:42:35.401000;2021-02-28 14:42:35.401000;;2021-02-28 14:42:35.401000;;;;;SUBMITTED;
603b45e90a7217c72c0002c2;5fc961c3b8cfca11a077dd33;;;2021-02-28 07:27:37.125000;2021-02-28 07:27:37.125000;;2021-02-28 07:27:37.125000;;;;;SUBMITTED;
603bf8070a7217c72c000354;5fc961c3b8cfca11a077dd33;;;2021-02-28 20:07:35.488000;2021-02-28 20:07:35.488000;;2021-02-28 20:07:35.488000;;;;;SUBMITTED;
603af1870a720fde1000023c;5fc961c3b8cfca11a077dd33;;;2021-02-28 01:27:35.090000;2021-02-28 01:27:35.090000;;2021-02-28 01:27:35.090000;;;;;SUBMITTED;
603aeba50a7217c72c000272;5fc961c3b8cfca11a077dd33;25;COMPLETE_NONPARTNER_RECEIPT;2021-02-28 01:02:29;2021-02-28 01:02:29;;2021-02-28 01:02:30;;25.0;2020-08-17 00:00:00;2;REJECTED;34.96
603cbbb50a720fde100003e3;5fc961c3b8cfca11a077dd33;25;COMPLETE_NONPARTNER_RECEIPT;2021-03-01 10:02:29;2021-03-01 10:02:29;;2021-03-01 10:02:30;;25.0;2020-08-17 00:00:00;2;REJECTED;34.96
603cadab0a720fde100003d6;5fc961c3b8cfca11a077dd33;;;2021-03-01 09:02:35.175000;2021-03-01 09:02:35.175000;;2021-03-01 09:02:35.175000;;;;;SUBMITTED;
603c8cdf0a7217c72c0003bb;5fc961c3b8cfca11a077dd33;;;2021-03-01 06:42:39.190000;2021-03-01 06:42:39.190000;;2021-03-01 06:42:39.190000;;;;;SUBMITTED;
603d30e60a7217c72c00043f;5fc961c3b8cfca11a077dd33;25;COMPLETE_NONPARTNER_RECEIPT;2021-03-01 18:22:30;2021-03-01 18:22:30;;2021-03-01 18:22:31;;25.0;2020-08-17 00:00:00;2;REJECTED;34.96
603c65060a720fde10000395;5fc961c3b8cfca11a077dd33;;;2021-03-01 03:52:38.407000;2021-03-01 03:52:38.407000;;2021-03-01 03:52:38.407000;;;;;SUBMITTED;
603d5d6c0a7217c72c000463;5fc961c3b8cfca11a077dd33;25;COMPLETE_NONPARTNER_RECEIPT;2021-03-01 21:32:28;2021-03-01 21:32:28;;2021-03-01 21:32:29;;25.0;2020-08-17 00:00:00;2;REJECTED;34.96
603d760e0a720fde1000048e;5fc961c3b8cfca11a077dd33;;;2021-03-01 23:17:34.772000;2021-03-01 23:17:34.772000;;2021-03-01 23:17:34.772000;;;;;SUBMITTED;
603d59e70a7217c72c00045f;5fc961c3b8cfca11a077dd33;25;COMPLETE_NONPARTNER_RECEIPT;2021-03-01 21:17:27;2021-03-01 21:17:27;;2021-03-01 21:17:28;;25.0;2020-08-17 00:00:00;2;REJECTED;34.96
603c5ba30a720fde1000038d;5fc961c3b8cfca11a077dd33;;;2021-03-01 03:12:35.733000;2021-03-01 03:12:35.733000;;2021-03-01 03:12:35.733000;;;;;SUBMITTED;
603c51160a7217c72c00038b;5fc961c3b8cfca11a077dd33;;;2021-03-01 02:27:34.329000;2021-03-01 02:27:34.329000;;2021-03-01 02:27:34.329000;;;;;SUBMITTED;
603d40250a720fde10000459;5fc961c3b8cfca11a077dd33;25;COMPLETE_NONPARTNER_RECEIPT;2021-03-01 19:27:33;2021-03-01 19:27:33;;2021-03-01 19:27:34;;25.0;2020-08-17 00:00:00;2;REJECTED;34.96
603c88240a7217c72c0003b8;5fc961c3b8cfca11a077dd33;25;COMPLETE_NONPARTNER_RECEIPT;2021-03-01 06:22:28;2021-03-01 06:22:28;;2021-03-01 06:22:29;;25.0;2020-08-17 00:00:00;2;REJECTED;34.96
603cba880a7217c72c0003e0;5fc961c3b8cfca11a077dd33;25;COMPLETE_NONPARTNER_RECEIPT;2021-03-01 09:57:28;2021-03-01 09:57:28;;2021-03-01 09:57:29;;25.0;2020-08-17 00:00:00;2;REJECTED;34.96
603cd4570a7217c72c0003f5;5fc961c3b8cfca11a077dd33;;;2021-03-01 11:47:35.734000;2021-03-01 11:47:35.734000;;2021-03-01 11:47:35.734000;;;;;SUBMITTED;
603cd57d0a7217c72c0003f6;5fc961c3b8cfca11a077dd33;25;COMPLETE_NONPARTNER_RECEIPT;2021-03-01 11:52:29;2021-03-01 11:52:29;;2021-03-01 11:52:30;;25.0;2020-08-17 00:00:00;2;REJECTED;34.96
603cf2ce0a7217c72c000413;5fc961c3b8cfca11a077dd33;;;2021-03-01 13:57:34.396000;2021-03-01 13:57:34.396000;;2021-03-01 13:57:34.396000;;;;;SUBMITTED;
603cac7d0a7217c72c0003d7;5fc961c3b8cfca11a077dd33;;;2021-03-01 08:57:33.696000;2021-03-01 08:57:33.696000;;2021-03-01 08:57:33.696000;;;;;SUBMITTED;
603c7c6c0a7217c72c0003b3;5fc961c3b8cfca11a077dd33;25;COMPLETE_NONPARTNER_RECEIPT;2021-03-01 05:32:28;2021-03-01 05:32:28;;2021-03-01 05:32:29;;25.0;2020-08-17 00:00:00;2;REJECTED;34.96
603d28b60a720fde10000445;5fc961c3b8cfca11a077dd33;;;2021-03-01 17:47:34.867000;2021-03-01 17:47:34.867000;;2021-03-01 17:47:34.867000;;;;;SUBMITTED;
603ca44a0a720fde100003d0;5fc961c3b8cfca11a077dd33;;;2021-03-01 08:22:34.244000;2021-03-01 08:22:34.244000;;2021-03-01 08:22:34.244000;;;;;SUBMITTED;
603c4a0e0a720fde10000380;5fc961c3b8cfca11a077dd33;;;2021-03-01 01:57:34.494000;2021-03-01 01:57:34.494000;;2021-03-01 01:57:34.494000;;;;;SUBMITTED;
603c6adf0a720fde1000039a;5fc961c3b8cfca11a077dd33;;;2021-03-01 04:17:35.736000;2021-03-01 04:17:35.736000;;2021-03-01 04:17:35.736000;;;;;SUBMITTED;
603c9e6e0a720fde100003c7;5fc961c3b8cfca11a077dd33;;;2021-03-01 07:57:34.307000;2021-03-01 07:57:34.307000;;2021-03-01 07:57:34.307000;;;;;SUBMITTED;
603c3d240a720fde10000373;5fc961c3b8cfca11a077dd33;25;COMPLETE_NONPARTNER_RECEIPT;2021-03-01 01:02:28;2021-03-01 01:02:28;;2021-03-01 01:02:29;;25.0;2020-08-17 00:00:00;2;REJECTED;34.96
603cc2bc0a720fde100003e9;5fc961c3b8cfca11a077dd33;25;COMPLETE_NONPARTNER_RECEIPT;2021-03-01 10:32:28;2021-03-01 10:32:28;;2021-03-01 10:32:29;;25.0;2020-08-17 00:00:00;2;REJECTED;34.96
603cc0630a720fde100003e6;5fc961c3b8cfca11a077dd33;25;COMPLETE_NONPARTNER_RECEIPT;2021-03-01 10:22:27;2021-03-01 10:22:27;;2021-03-01 10:22:28;;25.0;2020-08-17 00:00:00;2;REJECTED;34.96
603d0b710a720fde1000042a;5fc961c3b8cfca11a077dd33;;;2021-03-01 15:42:41.873000;2021-03-01 15:42:41.873000;;2021-03-01 15:42:41.873000;;;;;SUBMITTED;
603cf5290a720fde10000413;5fc961c3b8cfca11a077dd33;;;2021-03-01 14:07:37.664000;2021-03-01 14:07:37.664000;;2021-03-01 14:07:37.664000;;;;;SUBMITTED;
603ce7100a7217c72c000405;5fc961c3b8cfca11a077dd33;25;COMPLETE_NONPARTNER_RECEIPT;2021-03-01 13:07:28;2021-03-01 13:07:28;;2021-03-01 13:07:29;;25.0;2020-08-17 00:00:00;2;REJECTED;34.96
603c4fea0a7217c72c000389;5fc961c3b8cfca11a077dd33;;;2021-03-01 02:22:34.962000;2021-03-01 02:22:34.962000;;2021-03-01 02:22:34.962000;;;;;SUBMITTED;
